-50000 -50000 0.161067
-50000 -49000 0.167118
-50000 -48000 0.173402
-50000 -47000 0.179924
-50000 -46000 0.186690
-50000 -45000 0.193704
-50000 -44000 0.200969
-50000 -43000 0.208490
-50000 -42000 0.216268
-50000 -41000 0.224306
-50000 -40000 0.232604
-50000 -39000 0.241163
-50000 -38000 0.249980
-50000 -37000 0.259053
-50000 -36000 0.268378
-50000 -35000 0.277949
-50000 -34000 0.287759
-50000 -33000 0.297799
-50000 -32000 0.308059
-50000 -31000 0.318524
-50000 -30000 0.329179
-50000 -29000 0.340008
-50000 -28000 0.350990
-50000 -27000 0.362103
-50000 -26000 0.373323
-50000 -25000 0.384622
-50000 -24000 0.395971
-50000 -23000 0.407337
-50000 -22000 0.418685
-50000 -21000 0.429980
-50000 -20000 0.441181
-50000 -19000 0.452248
-50000 -18000 0.463137
-50000 -17000 0.473804
-50000 -16000 0.484202
-50000 -15000 0.494286
-50000 -14000 0.504006
-50000 -13000 0.513317
-50000 -12000 0.522169
-50000 -11000 0.530518
-50000 -10000 0.538316
-50000 -9000 0.545521
-50000 -8000 0.552090
-50000 -7000 0.557986
-50000 -6000 0.563172
-50000 -5000 0.567618
-50000 -4000 0.571294
-50000 -3000 0.574178
-50000 -2000 0.576251
-50000 -1000 0.577501
-50000 0 0.577918
-50000 1000 0.577501
-50000 2000 0.576251
-50000 3000 0.574178
-50000 4000 0.571294
-50000 5000 0.567618
-50000 6000 0.563172
-50000 7000 0.557986
-50000 8000 0.552090
-50000 9000 0.545521
-50000 10000 0.538316
-50000 11000 0.530518
-50000 12000 0.522169
-50000 13000 0.513317
-50000 14000 0.504006
-50000 15000 0.494286
-50000 16000 0.484202
-50000 17000 0.473804
-50000 18000 0.463137
-50000 19000 0.452248
-50000 20000 0.441181
-50000 21000 0.429980
-50000 22000 0.418685
-50000 23000 0.407337
-50000 24000 0.395971
-50000 25000 0.384622
-50000 26000 0.373323
-50000 27000 0.362103
-50000 28000 0.350990
-50000 29000 0.340008
-50000 30000 0.329179
-50000 31000 0.318524
-50000 32000 0.308059
-50000 33000 0.297799
-50000 34000 0.287759
-50000 35000 0.277949
-50000 36000 0.268378
-50000 37000 0.259053
-50000 38000 0.249980
-50000 39000 0.241163
-50000 40000 0.232604
-50000 41000 0.224306
-50000 42000 0.216268
-50000 43000 0.208490
-50000 44000 0.200969
-50000 45000 0.193704
-50000 46000 0.186690
-50000 47000 0.179924
-50000 48000 0.173402
-50000 49000 0.167118
-49000 -50000 0.167118
-49000 -49000 0.173535
-49000 -48000 0.180207
-49000 -47000 0.187140
-49000 -46000 0.194340
-49000 -45000 0.201812
-49000 -44000 0.209561
-49000 -43000 0.217592
-49000 -42000 0.225907
-49000 -41000 0.234511
-49000 -40000 0.243404
-49000 -39000 0.252588
-49000 -38000 0.262060
-49000 -37000 0.271820
-49000 -36000 0.281864
-49000 -35000 0.292186
-49000 -34000 0.302779
-49000 -33000 0.313634
-49000 -32000 0.324741
-49000 -31000 0.336085
-49000 -30000 0.347650
-49000 -29000 0.359419
-49000 -28000 0.371369
-49000 -27000 0.383478
-49000 -26000 0.395719
-49000 -25000 0.408062
-49000 -24000 0.420474
-49000 -23000 0.432922
-49000 -22000 0.445365
-49000 -21000 0.457765
-49000 -20000 0.470076
-49000 -19000 0.482254
-49000 -18000 0.494251
-49000 -17000 0.506015
-49000 -16000 0.517496
-49000 -15000 0.528641
-49000 -14000 0.539396
-49000 -13000 0.549707
-49000 -12000 0.559520
-49000 -11000 0.568781
-49000 -10000 0.577440
-49000 -9000 0.585445
-49000 -8000 0.592750
-49000 -7000 0.599309
-49000 -6000 0.605082
-49000 -5000 0.610033
-49000 -4000 0.614129
-49000 -3000 0.617343
-49000 -2000 0.619654
-49000 -1000 0.621047
-49000 0 0.621513
-49000 1000 0.621047
-49000 2000 0.619654
-49000 3000 0.617343
-49000 4000 0.614129
-49000 5000 0.610033
-49000 6000 0.605082
-49000 7000 0.599309
-49000 8000 0.592750
-49000 9000 0.585445
-49000 10000 0.577440
-49000 11000 0.568781
-49000 12000 0.559520
-49000 13000 0.549707
-49000 14000 0.539396
-49000 15000 0.528641
-49000 16000 0.517496
-49000 17000 0.506015
-49000 18000 0.494251
-49000 19000 0.482254
-49000 20000 0.470076
-49000 21000 0.457765
-49000 22000 0.445365
-49000 23000 0.432922
-49000 24000 0.420474
-49000 25000 0.408062
-49000 26000 0.395719
-49000 27000 0.383478
-49000 28000 0.371369
-49000 29000 0.359419
-49000 30000 0.347650
-49000 31000 0.336085
-49000 32000 0.324741
-49000 33000 0.313634
-49000 34000 0.302779
-49000 35000 0.292186
-49000 36000 0.281864
-49000 37000 0.271820
-49000 38000 0.262060
-49000 39000 0.252588
-49000 40000 0.243404
-49000 41000 0.234511
-49000 42000 0.225907
-49000 43000 0.217592
-49000 44000 0.209561
-49000 45000 0.201812
-49000 46000 0.194340
-49000 47000 0.187140
-49000 48000 0.180207
-49000 49000 0.173535
-48000 -50000 0.173402
-48000 -49000 0.180207
-48000 -48000 0.187290
-48000 -47000 0.194659
-48000 -46000 0.202320
-48000 -45000 0.210279
-48000 -44000 0.218544
-48000 -43000 0.227120
-48000 -42000 0.236011
-48000 -41000 0.245221
-48000 -40000 0.254753
-48000 -39000 0.264607
-48000 -38000 0.274786
-48000 -37000 0.285286
-48000 -36000 0.296106
-48000 -35000 0.307240
-48000 -34000 0.318682
-48000 -33000 0.330423
-48000 -32000 0.342450
-48000 -31000 0.354752
-48000 -30000 0.367310
-48000 -29000 0.380106
-48000 -28000 0.393117
-48000 -27000 0.406319
-48000 -26000 0.419681
-48000 -25000 0.433173
-48000 -24000 0.446760
-48000 -23000 0.460402
-48000 -22000 0.474057
-48000 -21000 0.487682
-48000 -20000 0.501227
-48000 -19000 0.514641
-48000 -18000 0.527872
-48000 -17000 0.540862
-48000 -16000 0.553554
-48000 -15000 0.565887
-48000 -14000 0.577802
-48000 -13000 0.589236
-48000 -12000 0.600129
-48000 -11000 0.610419
-48000 -10000 0.620047
-48000 -9000 0.628956
-48000 -8000 0.637091
-48000 -7000 0.644401
-48000 -6000 0.650839
-48000 -5000 0.656362
-48000 -4000 0.660933
-48000 -3000 0.664522
-48000 -2000 0.667103
-48000 -1000 0.668659
-48000 0 0.669179
-48000 1000 0.668659
-48000 2000 0.667103
-48000 3000 0.664522
-48000 4000 0.660933
-48000 5000 0.656362
-48000 6000 0.650839
-48000 7000 0.644401
-48000 8000 0.637091
-48000 9000 0.628956
-48000 10000 0.620047
-48000 11000 0.610419
-48000 12000 0.600129
-48000 13000 0.589236
-48000 14000 0.577802
-48000 15000 0.565887
-48000 16000 0.553554
-48000 17000 0.540862
-48000 18000 0.527872
-48000 19000 0.514641
-48000 20000 0.501227
-48000 21000 0.487682
-48000 22000 0.474057
-48000 23000 0.460402
-48000 24000 0.446760
-48000 25000 0.433173
-48000 26000 0.419681
-48000 27000 0.406319
-48000 28000 0.393117
-48000 29000 0.380106
-48000 30000 0.367310
-48000 31000 0.354752
-48000 32000 0.342450
-48000 33000 0.330423
-48000 34000 0.318682
-48000 35000 0.307240
-48000 36000 0.296106
-48000 37000 0.285286
-48000 38000 0.274786
-48000 39000 0.264607
-48000 40000 0.254753
-48000 41000 0.245221
-48000 42000 0.236011
-48000 43000 0.227120
-48000 44000 0.218544
-48000 45000 0.210279
-48000 46000 0.202320
-48000 47000 0.194659
-48000 48000 0.187290
-48000 49000 0.180207
-47000 -50000 0.179924
-47000 -49000 0.187140
-47000 -48000 0.194659
-47000 -47000 0.202489
-47000 -46000 0.210640
-47000 -45000 0.219119
-47000 -44000 0.227934
-47000 -43000 0.237091
-47000 -42000 0.246597
-47000 -41000 0.256456
-47000 -40000 0.266673
-47000 -39000 0.277249
-47000 -38000 0.288187
-47000 -37000 0.299486
-47000 -36000 0.311144
-47000 -35000 0.323157
-47000 -34000 0.335518
-47000 -33000 0.348220
-47000 -32000 0.361249
-47000 -31000 0.374594
-47000 -30000 0.388236
-47000 -29000 0.402156
-47000 -28000 0.416329
-47000 -27000 0.430729
-47000 -26000 0.445326
-47000 -25000 0.460084
-47000 -24000 0.474965
-47000 -23000 0.489929
-47000 -22000 0.504927
-47000 -21000 0.519911
-47000 -20000 0.534828
-47000 -19000 0.549620
-47000 -18000 0.564228
-47000 -17000 0.578588
-47000 -16000 0.592636
-47000 -15000 0.606303
-47000 -14000 0.619520
-47000 -13000 0.632219
-47000 -12000 0.644328
-47000 -11000 0.655779
-47000 -10000 0.666503
-47000 -9000 0.676434
-47000 -8000 0.685510
-47000 -7000 0.693671
-47000 -6000 0.700862
-47000 -5000 0.707035
-47000 -4000 0.712146
-47000 -3000 0.716161
-47000 -2000 0.719049
-47000 -1000 0.720790
-47000 0 0.721372
-47000 1000 0.720790
-47000 2000 0.719049
-47000 3000 0.716161
-47000 4000 0.712146
-47000 5000 0.707035
-47000 6000 0.700862
-47000 7000 0.693671
-47000 8000 0.685510
-47000 9000 0.676434
-47000 10000 0.666503
-47000 11000 0.655779
-47000 12000 0.644328
-47000 13000 0.632219
-47000 14000 0.619520
-47000 15000 0.606303
-47000 16000 0.592636
-47000 17000 0.578588
-47000 18000 0.564228
-47000 19000 0.549620
-47000 20000 0.534828
-47000 21000 0.519911
-47000 22000 0.504927
-47000 23000 0.489929
-47000 24000 0.474965
-47000 25000 0.460084
-47000 26000 0.445326
-47000 27000 0.430729
-47000 28000 0.416329
-47000 29000 0.402156
-47000 30000 0.388236
-47000 31000 0.374594
-47000 32000 0.361249
-47000 33000 0.348220
-47000 34000 0.335518
-47000 35000 0.323157
-47000 36000 0.311144
-47000 37000 0.299486
-47000 38000 0.288187
-47000 39000 0.277249
-47000 40000 0.266673
-47000 41000 0.256456
-47000 42000 0.246597
-47000 43000 0.237091
-47000 44000 0.227934
-47000 45000 0.219119
-47000 46000 0.210640
-47000 47000 0.202489
-47000 48000 0.194659
-47000 49000 0.187140
-46000 -50000 0.186690
-46000 -49000 0.194340
-46000 -48000 0.202320
-46000 -47000 0.210640
-46000 -46000 0.219311
-46000 -45000 0.228343
-46000 -44000 0.237743
-46000 -43000 0.247521
-46000 -42000 0.257684
-46000 -41000 0.268238
-46000 -40000 0.279189
-46000 -39000 0.290540
-46000 -38000 0.302296
-46000 -37000 0.314455
-46000 -36000 0.327018
-46000 -35000 0.339981
-46000 -34000 0.353339
-46000 -33000 0.367083
-46000 -32000 0.381203
-46000 -31000 0.395684
-46000 -30000 0.410509
-46000 -29000 0.425658
-46000 -28000 0.441105
-46000 -27000 0.456822
-46000 -26000 0.472775
-46000 -25000 0.488929
-46000 -24000 0.505242
-46000 -23000 0.521667
-46000 -22000 0.538155
-46000 -21000 0.554650
-46000 -20000 0.571094
-46000 -19000 0.587422
-46000 -18000 0.603569
-46000 -17000 0.619464
-46000 -16000 0.635032
-46000 -15000 0.650197
-46000 -14000 0.664881
-46000 -13000 0.679005
-46000 -12000 0.692489
-46000 -11000 0.705252
-46000 -10000 0.717217
-46000 -9000 0.728308
-46000 -8000 0.738451
-46000 -7000 0.747579
-46000 -6000 0.755628
-46000 -5000 0.762541
-46000 -4000 0.768268
-46000 -3000 0.772767
-46000 -2000 0.776006
-46000 -1000 0.777959
-46000 0 0.778611
-46000 1000 0.777959
-46000 2000 0.776006
-46000 3000 0.772767
-46000 4000 0.768268
-46000 5000 0.762541
-46000 6000 0.755628
-46000 7000 0.747579
-46000 8000 0.738451
-46000 9000 0.728308
-46000 10000 0.717217
-46000 11000 0.705252
-46000 12000 0.692489
-46000 13000 0.679005
-46000 14000 0.664881
-46000 15000 0.650197
-46000 16000 0.635032
-46000 17000 0.619464
-46000 18000 0.603569
-46000 19000 0.587422
-46000 20000 0.571094
-46000 21000 0.554650
-46000 22000 0.538155
-46000 23000 0.521667
-46000 24000 0.505242
-46000 25000 0.488929
-46000 26000 0.472775
-46000 27000 0.456822
-46000 28000 0.441105
-46000 29000 0.425658
-46000 30000 0.410509
-46000 31000 0.395684
-46000 32000 0.381203
-46000 33000 0.367083
-46000 34000 0.353339
-46000 35000 0.339981
-46000 36000 0.327018
-46000 37000 0.314455
-46000 38000 0.302296
-46000 39000 0.290540
-46000 40000 0.279189
-46000 41000 0.268238
-46000 42000 0.257684
-46000 43000 0.247521
-46000 44000 0.237743
-46000 45000 0.228343
-46000 46000 0.219311
-46000 47000 0.210640
-46000 48000 0.202320
-46000 49000 0.194340
-45000 -50000 0.193704
-45000 -49000 0.201812
-45000 -48000 0.210279
-45000 -47000 0.219119
-45000 -46000 0.228343
-45000 -45000 0.237961
-45000 -44000 0.247985
-45000 -43000 0.258425
-45000 -42000 0.269289
-45000 -41000 0.280587
-45000 -40000 0.292324
-45000 -39000 0.304508
-45000 -38000 0.317143
-45000 -37000 0.330229
-45000 -36000 0.343769
-45000 -35000 0.357760
-45000 -34000 0.372197
-45000 -33000 0.387074
-45000 -32000 0.402379
-45000 -31000 0.418098
-45000 -30000 0.434216
-45000 -29000 0.450709
-45000 -28000 0.467552
-45000 -27000 0.484715
-45000 -26000 0.502163
-45000 -25000 0.519856
-45000 -24000 0.537751
-45000 -23000 0.555796
-45000 -22000 0.573936
-45000 -21000 0.592112
-45000 -20000 0.610258
-45000 -19000 0.628303
-45000 -18000 0.646173
-45000 -17000 0.663788
-45000 -16000 0.681065
-45000 -15000 0.697917
-45000 -14000 0.714256
-45000 -13000 0.729990
-45000 -12000 0.745029
-45000 -11000 0.759280
-45000 -10000 0.772654
-45000 -9000 0.785062
-45000 -8000 0.796421
-45000 -7000 0.806651
-45000 -6000 0.815678
-45000 -5000 0.823436
-45000 -4000 0.829867
-45000 -3000 0.834921
-45000 -2000 0.838560
-45000 -1000 0.840755
-45000 0 0.841488
-45000 1000 0.840755
-45000 2000 0.838560
-45000 3000 0.834921
-45000 4000 0.829867
-45000 5000 0.823436
-45000 6000 0.815678
-45000 7000 0.806651
-45000 8000 0.796421
-45000 9000 0.785062
-45000 10000 0.772654
-45000 11000 0.759280
-45000 12000 0.745029
-45000 13000 0.729990
-45000 14000 0.714256
-45000 15000 0.697917
-45000 16000 0.681065
-45000 17000 0.663788
-45000 18000 0.646173
-45000 19000 0.628303
-45000 20000 0.610258
-45000 21000 0.592112
-45000 22000 0.573936
-45000 23000 0.555796
-45000 24000 0.537751
-45000 25000 0.519856
-45000 26000 0.502163
-45000 27000 0.484715
-45000 28000 0.467552
-45000 29000 0.450709
-45000 30000 0.434216
-45000 31000 0.418098
-45000 32000 0.402379
-45000 33000 0.387074
-45000 34000 0.372197
-45000 35000 0.357760
-45000 36000 0.343769
-45000 37000 0.330229
-45000 38000 0.317143
-45000 39000 0.304508
-45000 40000 0.292324
-45000 41000 0.280587
-45000 42000 0.269289
-45000 43000 0.258425
-45000 44000 0.247985
-45000 45000 0.237961
-45000 46000 0.228343
-45000 47000 0.219119
-45000 48000 0.210279
-45000 49000 0.201812
-44000 -50000 0.200969
-44000 -49000 0.209561
-44000 -48000 0.218544
-44000 -47000 0.227934
-44000 -46000 0.237743
-44000 -45000 0.247985
-44000 -44000 0.258672
-44000 -43000 0.269817
-44000 -42000 0.281430
-44000 -41000 0.293523
-44000 -40000 0.306104
-44000 -39000 0.319181
-44000 -38000 0.332760
-44000 -37000 0.346846
-44000 -36000 0.361439
-44000 -35000 0.376541
-44000 -34000 0.392148
-44000 -33000 0.408253
-44000 -32000 0.424847
-44000 -31000 0.441917
-44000 -30000 0.459445
-44000 -29000 0.477409
-44000 -28000 0.495783
-44000 -27000 0.514536
-44000 -26000 0.533630
-44000 -25000 0.553023
-44000 -24000 0.572667
-44000 -23000 0.592508
-44000 -22000 0.612486
-44000 -21000 0.632533
-44000 -20000 0.652579
-44000 -19000 0.672545
-44000 -18000 0.692346
-44000 -17000 0.711893
-44000 -16000 0.731094
-44000 -15000 0.749849
-44000 -14000 0.768057
-44000 -13000 0.785616
-44000 -12000 0.802418
-44000 -11000 0.818361
-44000 -10000 0.833338
-44000 -9000 0.847249
-44000 -8000 0.859995
-44000 -7000 0.871485
-44000 -6000 0.881631
-44000 -5000 0.890357
-44000 -4000 0.897594
-44000 -3000 0.903285
-44000 -2000 0.907384
-44000 -1000 0.909856
-44000 0 0.910683
-44000 1000 0.909856
-44000 2000 0.907384
-44000 3000 0.903285
-44000 4000 0.897594
-44000 5000 0.890357
-44000 6000 0.881631
-44000 7000 0.871485
-44000 8000 0.859995
-44000 9000 0.847249
-44000 10000 0.833338
-44000 11000 0.818361
-44000 12000 0.802418
-44000 13000 0.785616
-44000 14000 0.768057
-44000 15000 0.749849
-44000 16000 0.731094
-44000 17000 0.711893
-44000 18000 0.692346
-44000 19000 0.672545
-44000 20000 0.652579
-44000 21000 0.632533
-44000 22000 0.612486
-44000 23000 0.592508
-44000 24000 0.572667
-44000 25000 0.553023
-44000 26000 0.533630
-44000 27000 0.514536
-44000 28000 0.495783
-44000 29000 0.477409
-44000 30000 0.459445
-44000 31000 0.441917
-44000 32000 0.424847
-44000 33000 0.408253
-44000 34000 0.392148
-44000 35000 0.376541
-44000 36000 0.361439
-44000 37000 0.346846
-44000 38000 0.332760
-44000 39000 0.319181
-44000 40000 0.306104
-44000 41000 0.293523
-44000 42000 0.281430
-44000 43000 0.269817
-44000 44000 0.258672
-44000 45000 0.247985
-44000 46000 0.237743
-44000 47000 0.227934
-44000 48000 0.218544
-44000 49000 0.209561
-43000 -50000 0.208490
-43000 -49000 0.217592
-43000 -48000 0.227120
-43000 -47000 0.237091
-43000 -46000 0.247521
-43000 -45000 0.258425
-43000 -44000 0.269817
-43000 -43000 0.281713
-43000 -42000 0.294125
-43000 -41000 0.307068
-43000 -40000 0.320551
-43000 -39000 0.334586
-43000 -38000 0.349180
-43000 -37000 0.364341
-43000 -36000 0.380072
-43000 -35000 0.396374
-43000 -34000 0.413247
-43000 -33000 0.430686
-43000 -32000 0.448682
-43000 -31000 0.467222
-43000 -30000 0.486291
-43000 -29000 0.505866
-43000 -28000 0.525920
-43000 -27000 0.546420
-43000 -26000 0.567328
-43000 -25000 0.588599
-43000 -24000 0.610181
-43000 -23000 0.632015
-43000 -22000 0.654036
-43000 -21000 0.676171
-43000 -20000 0.698340
-43000 -19000 0.720457
-43000 -18000 0.742427
-43000 -17000 0.764150
-43000 -16000 0.785520
-43000 -15000 0.806426
-43000 -14000 0.826753
-43000 -13000 0.846382
-43000 -12000 0.865191
-43000 -11000 0.883060
-43000 -10000 0.899868
-43000 -9000 0.915496
-43000 -8000 0.929831
-43000 -7000 0.942765
-43000 -6000 0.954196
-43000 -5000 0.964034
-43000 -4000 0.972199
-43000 -3000 0.978622
-43000 -2000 0.983250
-43000 -1000 0.986043
-43000 0 0.986976
-43000 1000 0.986043
-43000 2000 0.983250
-43000 3000 0.978622
-43000 4000 0.972199
-43000 5000 0.964034
-43000 6000 0.954196
-43000 7000 0.942765
-43000 8000 0.929831
-43000 9000 0.915496
-43000 10000 0.899868
-43000 11000 0.883060
-43000 12000 0.865191
-43000 13000 0.846382
-43000 14000 0.826753
-43000 15000 0.806426
-43000 16000 0.785520
-43000 17000 0.764150
-43000 18000 0.742427
-43000 19000 0.720457
-43000 20000 0.698340
-43000 21000 0.676171
-43000 22000 0.654036
-43000 23000 0.632015
-43000 24000 0.610181
-43000 25000 0.588599
-43000 26000 0.567328
-43000 27000 0.546420
-43000 28000 0.525920
-43000 29000 0.505866
-43000 30000 0.486291
-43000 31000 0.467222
-43000 32000 0.448682
-43000 33000 0.430686
-43000 34000 0.413247
-43000 35000 0.396374
-43000 36000 0.380072
-43000 37000 0.364341
-43000 38000 0.349180
-43000 39000 0.334586
-43000 40000 0.320551
-43000 41000 0.307068
-43000 42000 0.294125
-43000 43000 0.281713
-43000 44000 0.269817
-43000 45000 0.258425
-43000 46000 0.247521
-43000 47000 0.237091
-43000 48000 0.227120
-43000 49000 0.217592
-42000 -50000 0.216268
-42000 -49000 0.225907
-42000 -48000 0.236011
-42000 -47000 0.246597
-42000 -46000 0.257684
-42000 -45000 0.269289
-42000 -44000 0.281430
-42000 -43000 0.294125
-42000 -42000 0.307390
-42000 -41000 0.321239
-42000 -40000 0.335689
-42000 -39000 0.350750
-42000 -38000 0.366435
-42000 -37000 0.382752
-42000 -36000 0.399709
-42000 -35000 0.417309
-42000 -34000 0.435553
-42000 -33000 0.454438
-42000 -32000 0.473958
-42000 -31000 0.494102
-42000 -30000 0.514854
-42000 -29000 0.536192
-42000 -28000 0.558089
-42000 -27000 0.580512
-42000 -26000 0.603420
-42000 -25000 0.626767
-42000 -24000 0.650496
-42000 -23000 0.674544
-42000 -22000 0.698841
-42000 -21000 0.723307
-42000 -20000 0.747854
-42000 -19000 0.772384
-42000 -18000 0.796793
-42000 -17000 0.820970
-42000 -16000 0.844793
-42000 -15000 0.868136
-42000 -14000 0.890868
-42000 -13000 0.912853
-42000 -12000 0.933950
-42000 -11000 0.954021
-42000 -10000 0.972924
-42000 -9000 0.990522
-42000 -8000 1.006682
-42000 -7000 1.021276
-42000 -6000 1.034188
-42000 -5000 1.045308
-42000 -4000 1.054543
-42000 -3000 1.061812
-42000 -2000 1.067051
-42000 -1000 1.070214
-42000 0 1.071271
-42000 1000 1.070214
-42000 2000 1.067051
-42000 3000 1.061812
-42000 4000 1.054543
-42000 5000 1.045308
-42000 6000 1.034188
-42000 7000 1.021276
-42000 8000 1.006682
-42000 9000 0.990522
-42000 10000 0.972924
-42000 11000 0.954021
-42000 12000 0.933950
-42000 13000 0.912853
-42000 14000 0.890868
-42000 15000 0.868136
-42000 16000 0.844793
-42000 17000 0.820970
-42000 18000 0.796793
-42000 19000 0.772384
-42000 20000 0.747854
-42000 21000 0.723307
-42000 22000 0.698841
-42000 23000 0.674544
-42000 24000 0.650496
-42000 25000 0.626767
-42000 26000 0.603420
-42000 27000 0.580512
-42000 28000 0.558089
-42000 29000 0.536192
-42000 30000 0.514854
-42000 31000 0.494102
-42000 32000 0.473958
-42000 33000 0.454438
-42000 34000 0.435553
-42000 35000 0.417309
-42000 36000 0.399709
-42000 37000 0.382752
-42000 38000 0.366435
-42000 39000 0.350750
-42000 40000 0.335689
-42000 41000 0.321239
-42000 42000 0.307390
-42000 43000 0.294125
-42000 44000 0.281430
-42000 45000 0.269289
-42000 46000 0.257684
-42000 47000 0.246597
-42000 48000 0.236011
-42000 49000 0.225907
-41000 -50000 0.224306
-41000 -49000 0.234511
-41000 -48000 0.245221
-41000 -47000 0.256456
-41000 -46000 0.268238
-41000 -45000 0.280587
-41000 -44000 0.293523
-41000 -43000 0.307068
-41000 -42000 0.321239
-41000 -41000 0.336057
-41000 -40000 0.351539
-41000 -39000 0.367700
-41000 -38000 0.384555
-41000 -37000 0.402116
-41000 -36000 0.420394
-41000 -35000 0.439395
-41000 -34000 0.459123
-41000 -33000 0.479578
-41000 -32000 0.500755
-41000 -31000 0.522646
-41000 -30000 0.545237
-41000 -29000 0.568506
-41000 -28000 0.592426
-41000 -27000 0.616965
-41000 -26000 0.642081
-41000 -25000 0.667723
-41000 -24000 0.693834
-41000 -23000 0.720345
-41000 -22000 0.747180
-41000 -21000 0.774252
-41000 -20000 0.801463
-41000 -19000 0.828707
-41000 -18000 0.855866
-41000 -17000 0.882814
-41000 -16000 0.909415
-41000 -15000 0.935526
-41000 -14000 0.960996
-41000 -13000 0.985669
-41000 -12000 1.009383
-41000 -11000 1.031976
-41000 -10000 1.053286
-41000 -9000 1.073149
-41000 -8000 1.091412
-41000 -7000 1.107923
-41000 -6000 1.122545
-41000 -5000 1.135149
-41000 -4000 1.145623
-41000 -3000 1.153873
-41000 -2000 1.159822
-41000 -1000 1.163414
-41000 0 1.164615
-41000 1000 1.163414
-41000 2000 1.159822
-41000 3000 1.153873
-41000 4000 1.145623
-41000 5000 1.135149
-41000 6000 1.122545
-41000 7000 1.107923
-41000 8000 1.091412
-41000 9000 1.073149
-41000 10000 1.053286
-41000 11000 1.031976
-41000 12000 1.009383
-41000 13000 0.985669
-41000 14000 0.960996
-41000 15000 0.935526
-41000 16000 0.909415
-41000 17000 0.882814
-41000 18000 0.855866
-41000 19000 0.828707
-41000 20000 0.801463
-41000 21000 0.774252
-41000 22000 0.747180
-41000 23000 0.720345
-41000 24000 0.693834
-41000 25000 0.667723
-41000 26000 0.642081
-41000 27000 0.616965
-41000 28000 0.592426
-41000 29000 0.568506
-41000 30000 0.545237
-41000 31000 0.522646
-41000 32000 0.500755
-41000 33000 0.479578
-41000 34000 0.459123
-41000 35000 0.439395
-41000 36000 0.420394
-41000 37000 0.402116
-41000 38000 0.384555
-41000 39000 0.367700
-41000 40000 0.351539
-41000 41000 0.336057
-41000 42000 0.321239
-41000 43000 0.307068
-41000 44000 0.293523
-41000 45000 0.280587
-41000 46000 0.268238
-41000 47000 0.256456
-41000 48000 0.245221
-41000 49000 0.234511
-40000 -50000 0.232604
-40000 -49000 0.243404
-40000 -48000 0.254753
-40000 -47000 0.266673
-40000 -46000 0.279189
-40000 -45000 0.292324
-40000 -44000 0.306104
-40000 -43000 0.320551
-40000 -42000 0.335689
-40000 -41000 0.351539
-40000 -40000 0.368123
-40000 -39000 0.385461
-40000 -38000 0.403571
-40000 -37000 0.422470
-40000 -36000 0.442171
-40000 -35000 0.462684
-40000 -34000 0.484018
-40000 -33000 0.506175
-40000 -32000 0.529154
-40000 -31000 0.552949
-40000 -30000 0.577548
-40000 -29000 0.602931
-40000 -28000 0.629074
-40000 -27000 0.655943
-40000 -26000 0.683496
-40000 -25000 0.711680
-40000 -24000 0.740435
-40000 -23000 0.769688
-40000 -22000 0.799356
-40000 -21000 0.829345
-40000 -20000 0.859549
-40000 -19000 0.889847
-40000 -18000 0.920111
-40000 -17000 0.950197
-40000 -16000 0.979953
-40000 -15000 1.009215
-40000 -14000 1.037809
-40000 -13000 1.065557
-40000 -12000 1.092273
-40000 -11000 1.117766
-40000 -10000 1.141846
-40000 -9000 1.164325
-40000 -8000 1.185018
-40000 -7000 1.203750
-40000 -6000 1.220355
-40000 -5000 1.234682
-40000 -4000 1.246597
-40000 -3000 1.255988
-40000 -2000 1.262763
-40000 -1000 1.266855
-40000 0 1.268223
-40000 1000 1.266855
-40000 2000 1.262763
-40000 3000 1.255988
-40000 4000 1.246597
-40000 5000 1.234682
-40000 6000 1.220355
-40000 7000 1.203750
-40000 8000 1.185018
-40000 9000 1.164325
-40000 10000 1.141846
-40000 11000 1.117766
-40000 12000 1.092273
-40000 13000 1.065557
-40000 14000 1.037809
-40000 15000 1.009215
-40000 16000 0.979953
-40000 17000 0.950197
-40000 18000 0.920111
-40000 19000 0.889847
-40000 20000 0.859549
-40000 21000 0.829345
-40000 22000 0.799356
-40000 23000 0.769688
-40000 24000 0.740435
-40000 25000 0.711680
-40000 26000 0.683496
-40000 27000 0.655943
-40000 28000 0.629074
-40000 29000 0.602931
-40000 30000 0.577548
-40000 31000 0.552949
-40000 32000 0.529154
-40000 33000 0.506175
-40000 34000 0.484018
-40000 35000 0.462684
-40000 36000 0.442171
-40000 37000 0.422470
-40000 38000 0.403571
-40000 39000 0.385461
-40000 40000 0.368123
-40000 41000 0.351539
-40000 42000 0.335689
-40000 43000 0.320551
-40000 44000 0.306104
-40000 45000 0.292324
-40000 46000 0.279189
-40000 47000 0.266673
-40000 48000 0.254753
-40000 49000 0.243404
-39000 -50000 0.241163
-39000 -49000 0.252588
-39000 -48000 0.264607
-39000 -47000 0.277249
-39000 -46000 0.290540
-39000 -45000 0.304508
-39000 -44000 0.319181
-39000 -43000 0.334586
-39000 -42000 0.350750
-39000 -41000 0.367700
-39000 -40000 0.385461
-39000 -39000 0.404058
-39000 -38000 0.423514
-39000 -37000 0.443849
-39000 -36000 0.465081
-39000 -35000 0.487227
-39000 -34000 0.510297
-39000 -33000 0.534299
-39000 -32000 0.559236
-39000 -31000 0.585106
-39000 -30000 0.611899
-39000 -29000 0.639600
-39000 -28000 0.668184
-39000 -27000 0.697619
-39000 -26000 0.727863
-39000 -25000 0.758864
-39000 -24000 0.790557
-39000 -23000 0.822866
-39000 -22000 0.855702
-39000 -21000 0.888962
-39000 -20000 0.922530
-39000 -19000 0.956275
-39000 -18000 0.990051
-39000 -17000 1.023698
-39000 -16000 1.057043
-39000 -15000 1.089900
-39000 -14000 1.122070
-39000 -13000 1.153347
-39000 -12000 1.183513
-39000 -11000 1.212350
-39000 -10000 1.239632
-39000 -9000 1.265139
-39000 -8000 1.288653
-39000 -7000 1.309965
-39000 -6000 1.328878
-39000 -5000 1.345214
-39000 -4000 1.358811
-39000 -3000 1.369534
-39000 -2000 1.377274
-39000 -1000 1.381951
-39000 0 1.383515
-39000 1000 1.381951
-39000 2000 1.377274
-39000 3000 1.369534
-39000 4000 1.358811
-39000 5000 1.345214
-39000 6000 1.328878
-39000 7000 1.309965
-39000 8000 1.288653
-39000 9000 1.265139
-39000 10000 1.239632
-39000 11000 1.212350
-39000 12000 1.183513
-39000 13000 1.153347
-39000 14000 1.122070
-39000 15000 1.089900
-39000 16000 1.057043
-39000 17000 1.023698
-39000 18000 0.990051
-39000 19000 0.956275
-39000 20000 0.922530
-39000 21000 0.888962
-39000 22000 0.855702
-39000 23000 0.822866
-39000 24000 0.790557
-39000 25000 0.758864
-39000 26000 0.727863
-39000 27000 0.697619
-39000 28000 0.668184
-39000 29000 0.639600
-39000 30000 0.611899
-39000 31000 0.585106
-39000 32000 0.559236
-39000 33000 0.534299
-39000 34000 0.510297
-39000 35000 0.487227
-39000 36000 0.465081
-39000 37000 0.443849
-39000 38000 0.423514
-39000 39000 0.404058
-39000 40000 0.385461
-39000 41000 0.367700
-39000 42000 0.350750
-39000 43000 0.334586
-39000 44000 0.319181
-39000 45000 0.304508
-39000 46000 0.290540
-39000 47000 0.277249
-39000 48000 0.264607
-39000 49000 0.252588
-38000 -50000 0.249980
-38000 -49000 0.262060
-38000 -48000 0.274786
-38000 -47000 0.288187
-38000 -46000 0.302296
-38000 -45000 0.317143
-38000 -44000 0.332760
-38000 -43000 0.349180
-38000 -42000 0.366435
-38000 -41000 0.384555
-38000 -40000 0.403571
-38000 -39000 0.423514
-38000 -38000 0.444410
-38000 -37000 0.466287
-38000 -36000 0.489168
-38000 -35000 0.513073
-38000 -34000 0.538020
-38000 -33000 0.564022
-38000 -32000 0.591087
-38000 -31000 0.619217
-38000 -30000 0.648408
-38000 -29000 0.678646
-38000 -28000 0.709913
-38000 -27000 0.742176
-38000 -26000 0.775396
-38000 -25000 0.809520
-38000 -24000 0.844480
-38000 -23000 0.880199
-38000 -22000 0.916580
-38000 -21000 0.953513
-38000 -20000 0.990872
-38000 -19000 1.028510
-38000 -18000 1.066268
-38000 -17000 1.103964
-38000 -16000 1.141403
-38000 -15000 1.178373
-38000 -14000 1.214646
-38000 -13000 1.249981
-38000 -12000 1.284130
-38000 -11000 1.316832
-38000 -10000 1.347827
-38000 -9000 1.376852
-38000 -8000 1.403649
-38000 -7000 1.427971
-38000 -6000 1.449581
-38000 -5000 1.468267
-38000 -4000 1.483834
-38000 -3000 1.496120
-38000 -2000 1.504992
-38000 -1000 1.510355
-38000 0 1.512150
-38000 1000 1.510355
-38000 2000 1.504992
-38000 3000 1.496120
-38000 4000 1.483834
-38000 5000 1.468267
-38000 6000 1.449581
-38000 7000 1.427971
-38000 8000 1.403649
-38000 9000 1.376852
-38000 10000 1.347827
-38000 11000 1.316832
-38000 12000 1.284130
-38000 13000 1.249981
-38000 14000 1.214646
-38000 15000 1.178373
-38000 16000 1.141403
-38000 17000 1.103964
-38000 18000 1.066268
-38000 19000 1.028510
-38000 20000 0.990872
-38000 21000 0.953513
-38000 22000 0.916580
-38000 23000 0.880199
-38000 24000 0.844480
-38000 25000 0.809520
-38000 26000 0.775396
-38000 27000 0.742176
-38000 28000 0.709913
-38000 29000 0.678646
-38000 30000 0.648408
-38000 31000 0.619217
-38000 32000 0.591087
-38000 33000 0.564022
-38000 34000 0.538020
-38000 35000 0.513073
-38000 36000 0.489168
-38000 37000 0.466287
-38000 38000 0.444410
-38000 39000 0.423514
-38000 40000 0.403571
-38000 41000 0.384555
-38000 42000 0.366435
-38000 43000 0.349180
-38000 44000 0.332760
-38000 45000 0.317143
-38000 46000 0.302296
-38000 47000 0.288187
-38000 48000 0.274786
-38000 49000 0.262060
-37000 -50000 0.259053
-37000 -49000 0.271820
-37000 -48000 0.285286
-37000 -47000 0.299486
-37000 -46000 0.314455
-37000 -45000 0.330229
-37000 -44000 0.346846
-37000 -43000 0.364341
-37000 -42000 0.382752
-37000 -41000 0.402116
-37000 -40000 0.422470
-37000 -39000 0.443849
-37000 -38000 0.466287
-37000 -37000 0.489817
-37000 -36000 0.514469
-37000 -35000 0.540271
-37000 -34000 0.567247
-37000 -33000 0.595415
-37000 -32000 0.624792
-37000 -31000 0.655384
-37000 -30000 0.687193
-37000 -29000 0.720213
-37000 -28000 0.754428
-37000 -27000 0.789810
-37000 -26000 0.826321
-37000 -25000 0.863909
-37000 -24000 0.902507
-37000 -23000 0.942034
-37000 -22000 0.982388
-37000 -21000 1.023451
-37000 -20000 1.065086
-37000 -19000 1.107133
-37000 -18000 1.149413
-37000 -17000 1.191723
-37000 -16000 1.233843
-37000 -15000 1.275529
-37000 -14000 1.316521
-37000 -13000 1.356540
-37000 -12000 1.395295
-37000 -11000 1.432483
-37000 -10000 1.467795
-37000 -9000 1.500921
-37000 -8000 1.531554
-37000 -7000 1.559398
-37000 -6000 1.584172
-37000 -5000 1.605616
-37000 -4000 1.623499
-37000 -3000 1.637624
-37000 -2000 1.647831
-37000 -1000 1.654003
-37000 0 1.656068
-37000 1000 1.654003
-37000 2000 1.647831
-37000 3000 1.637624
-37000 4000 1.623499
-37000 5000 1.605616
-37000 6000 1.584172
-37000 7000 1.559398
-37000 8000 1.531554
-37000 9000 1.500921
-37000 10000 1.467795
-37000 11000 1.432483
-37000 12000 1.395295
-37000 13000 1.356540
-37000 14000 1.316521
-37000 15000 1.275529
-37000 16000 1.233843
-37000 17000 1.191723
-37000 18000 1.149413
-37000 19000 1.107133
-37000 20000 1.065086
-37000 21000 1.023451
-37000 22000 0.982388
-37000 23000 0.942034
-37000 24000 0.902507
-37000 25000 0.863909
-37000 26000 0.826321
-37000 27000 0.789810
-37000 28000 0.754428
-37000 29000 0.720213
-37000 30000 0.687193
-37000 31000 0.655384
-37000 32000 0.624792
-37000 33000 0.595415
-37000 34000 0.567247
-37000 35000 0.540271
-37000 36000 0.514469
-37000 37000 0.489817
-37000 38000 0.466287
-37000 39000 0.443849
-37000 40000 0.422470
-37000 41000 0.402116
-37000 42000 0.382752
-37000 43000 0.364341
-37000 44000 0.346846
-37000 45000 0.330229
-37000 46000 0.314455
-37000 47000 0.299486
-37000 48000 0.285286
-37000 49000 0.271820
-36000 -50000 0.268378
-36000 -49000 0.281864
-36000 -48000 0.296106
-36000 -47000 0.311144
-36000 -46000 0.327018
-36000 -45000 0.343769
-36000 -44000 0.361439
-36000 -43000 0.380072
-36000 -42000 0.399709
-36000 -41000 0.420394
-36000 -40000 0.442171
-36000 -39000 0.465081
-36000 -38000 0.489168
-36000 -37000 0.514469
-36000 -36000 0.541025
-36000 -35000 0.568869
-36000 -34000 0.598035
-36000 -33000 0.628550
-36000 -32000 0.660436
-36000 -31000 0.693709
-36000 -30000 0.728380
-36000 -29000 0.764448
-36000 -28000 0.801903
-36000 -27000 0.840724
-36000 -26000 0.880876
-36000 -25000 0.922312
-36000 -24000 0.964963
-36000 -23000 1.008748
-36000 -22000 1.053560
-36000 -21000 1.099274
-36000 -20000 1.145741
-36000 -19000 1.192788
-36000 -18000 1.240213
-36000 -17000 1.287793
-36000 -16000 1.335276
-36000 -15000 1.382385
-36000 -14000 1.428819
-36000 -13000 1.474257
-36000 -12000 1.518357
-36000 -11000 1.560764
-36000 -10000 1.601112
-36000 -9000 1.639034
-36000 -8000 1.674164
-36000 -7000 1.706145
-36000 -6000 1.734639
-36000 -5000 1.759335
-36000 -4000 1.779951
-36000 -3000 1.796249
-36000 -2000 1.808033
-36000 -1000 1.815161
-36000 0 1.817547
-36000 1000 1.815161
-36000 2000 1.808033
-36000 3000 1.796249
-36000 4000 1.779951
-36000 5000 1.759335
-36000 6000 1.734639
-36000 7000 1.706145
-36000 8000 1.674164
-36000 9000 1.639034
-36000 10000 1.601112
-36000 11000 1.560764
-36000 12000 1.518357
-36000 13000 1.474257
-36000 14000 1.428819
-36000 15000 1.382385
-36000 16000 1.335276
-36000 17000 1.287793
-36000 18000 1.240213
-36000 19000 1.192788
-36000 20000 1.145741
-36000 21000 1.099274
-36000 22000 1.053560
-36000 23000 1.008748
-36000 24000 0.964963
-36000 25000 0.922312
-36000 26000 0.880876
-36000 27000 0.840724
-36000 28000 0.801903
-36000 29000 0.764448
-36000 30000 0.728380
-36000 31000 0.693709
-36000 32000 0.660436
-36000 33000 0.628550
-36000 34000 0.598035
-36000 35000 0.568869
-36000 36000 0.541025
-36000 37000 0.514469
-36000 38000 0.489168
-36000 39000 0.465081
-36000 40000 0.442171
-36000 41000 0.420394
-36000 42000 0.399709
-36000 43000 0.380072
-36000 44000 0.361439
-36000 45000 0.343769
-36000 46000 0.327018
-36000 47000 0.311144
-36000 48000 0.296106
-36000 49000 0.281864
-35000 -50000 0.277949
-35000 -49000 0.292186
-35000 -48000 0.307240
-35000 -47000 0.323157
-35000 -46000 0.339981
-35000 -45000 0.357760
-35000 -44000 0.376541
-35000 -43000 0.396374
-35000 -42000 0.417309
-35000 -41000 0.439395
-35000 -40000 0.462684
-35000 -39000 0.487227
-35000 -38000 0.513073
-35000 -37000 0.540271
-35000 -36000 0.568869
-35000 -35000 0.598912
-35000 -34000 0.630441
-35000 -33000 0.663495
-35000 -32000 0.698105
-35000 -31000 0.734298
-35000 -30000 0.772094
-35000 -29000 0.811501
-35000 -28000 0.852519
-35000 -27000 0.895134
-35000 -26000 0.939318
-35000 -25000 0.985028
-35000 -24000 1.032200
-35000 -23000 1.080749
-35000 -22000 1.130569
-35000 -21000 1.181528
-35000 -20000 1.233464
-35000 -19000 1.286189
-35000 -18000 1.339482
-35000 -17000 1.393092
-35000 -16000 1.446734
-35000 -15000 1.500091
-35000 -14000 1.552818
-35000 -13000 1.604541
-35000 -12000 1.654860
-35000 -11000 1.703356
-35000 -10000 1.749598
-35000 -9000 1.793146
-35000 -8000 1.833562
-35000 -7000 1.870418
-35000 -6000 1.903305
-35000 -5000 1.931845
-35000 -4000 1.955697
-35000 -3000 1.974569
-35000 -2000 1.988224
-35000 -1000 1.996488
-35000 0 1.999255
-35000 1000 1.996488
-35000 2000 1.988224
-35000 3000 1.974569
-35000 4000 1.955697
-35000 5000 1.931845
-35000 6000 1.903305
-35000 7000 1.870418
-35000 8000 1.833562
-35000 9000 1.793146
-35000 10000 1.749598
-35000 11000 1.703356
-35000 12000 1.654860
-35000 13000 1.604541
-35000 14000 1.552818
-35000 15000 1.500091
-35000 16000 1.446734
-35000 17000 1.393092
-35000 18000 1.339482
-35000 19000 1.286189
-35000 20000 1.233464
-35000 21000 1.181528
-35000 22000 1.130569
-35000 23000 1.080749
-35000 24000 1.032200
-35000 25000 0.985028
-35000 26000 0.939318
-35000 27000 0.895134
-35000 28000 0.852519
-35000 29000 0.811501
-35000 30000 0.772094
-35000 31000 0.734298
-35000 32000 0.698105
-35000 33000 0.663495
-35000 34000 0.630441
-35000 35000 0.598912
-35000 36000 0.568869
-35000 37000 0.540271
-35000 38000 0.513073
-35000 39000 0.487227
-35000 40000 0.462684
-35000 41000 0.439395
-35000 42000 0.417309
-35000 43000 0.396374
-35000 44000 0.376541
-35000 45000 0.357760
-35000 46000 0.339981
-35000 47000 0.323157
-35000 48000 0.307240
-35000 49000 0.292186
-34000 -50000 0.287759
-34000 -49000 0.302779
-34000 -48000 0.318682
-34000 -47000 0.335518
-34000 -46000 0.353339
-34000 -45000 0.372197
-34000 -44000 0.392148
-34000 -43000 0.413247
-34000 -42000 0.435553
-34000 -41000 0.459123
-34000 -40000 0.484018
-34000 -39000 0.510297
-34000 -38000 0.538020
-34000 -37000 0.567247
-34000 -36000 0.598035
-34000 -35000 0.630441
-34000 -34000 0.664519
-34000 -33000 0.700318
-34000 -32000 0.737884
-34000 -31000 0.777255
-34000 -30000 0.818462
-34000 -29000 0.861528
-34000 -28000 0.906464
-34000 -27000 0.953266
-34000 -26000 1.001916
-34000 -25000 1.052377
-34000 -24000 1.104592
-34000 -23000 1.158480
-34000 -22000 1.213932
-34000 -21000 1.270811
-34000 -20000 1.328946
-34000 -19000 1.388132
-34000 -18000 1.448127
-34000 -17000 1.508650
-34000 -16000 1.569378
-34000 -15000 1.629952
-34000 -14000 1.689971
-34000 -13000 1.749001
-34000 -12000 1.806574
-34000 -11000 1.862196
-34000 -10000 1.915352
-34000 -9000 1.965518
-34000 -8000 2.012168
-34000 -7000 2.054783
-34000 -6000 2.092871
-34000 -5000 2.125970
-34000 -4000 2.153665
-34000 -3000 2.175599
-34000 -2000 2.191480
-34000 -1000 2.201097
-34000 0 2.204317
-34000 1000 2.201097
-34000 2000 2.191480
-34000 3000 2.175599
-34000 4000 2.153665
-34000 5000 2.125970
-34000 6000 2.092871
-34000 7000 2.054783
-34000 8000 2.012168
-34000 9000 1.965518
-34000 10000 1.915352
-34000 11000 1.862196
-34000 12000 1.806574
-34000 13000 1.749001
-34000 14000 1.689971
-34000 15000 1.629952
-34000 16000 1.569378
-34000 17000 1.508650
-34000 18000 1.448127
-34000 19000 1.388132
-34000 20000 1.328946
-34000 21000 1.270811
-34000 22000 1.213932
-34000 23000 1.158480
-34000 24000 1.104592
-34000 25000 1.052377
-34000 26000 1.001916
-34000 27000 0.953266
-34000 28000 0.906464
-34000 29000 0.861528
-34000 30000 0.818462
-34000 31000 0.777255
-34000 32000 0.737884
-34000 33000 0.700318
-34000 34000 0.664519
-34000 35000 0.630441
-34000 36000 0.598035
-34000 37000 0.567247
-34000 38000 0.538020
-34000 39000 0.510297
-34000 40000 0.484018
-34000 41000 0.459123
-34000 42000 0.435553
-34000 43000 0.413247
-34000 44000 0.392148
-34000 45000 0.372197
-34000 46000 0.353339
-34000 47000 0.335518
-34000 48000 0.318682
-34000 49000 0.302779
-33000 -50000 0.297799
-33000 -49000 0.313634
-33000 -48000 0.330423
-33000 -47000 0.348220
-33000 -46000 0.367083
-33000 -45000 0.387074
-33000 -44000 0.408253
-33000 -43000 0.430686
-33000 -42000 0.454438
-33000 -41000 0.479578
-33000 -40000 0.506175
-33000 -39000 0.534299
-33000 -38000 0.564022
-33000 -37000 0.595415
-33000 -36000 0.628550
-33000 -35000 0.663495
-33000 -34000 0.700318
-33000 -33000 0.739085
-33000 -32000 0.779854
-33000 -31000 0.822682
-33000 -30000 0.867614
-33000 -29000 0.914689
-33000 -28000 0.963931
-33000 -27000 1.015354
-33000 -26000 1.068951
-33000 -25000 1.124697
-33000 -24000 1.182544
-33000 -23000 1.242417
-33000 -22000 1.304209
-33000 -21000 1.367779
-33000 -20000 1.432949
-33000 -19000 1.499497
-33000 -18000 1.567158
-33000 -17000 1.635619
-33000 -16000 1.704517
-33000 -15000 1.773440
-33000 -14000 1.841928
-33000 -13000 1.909474
-33000 -12000 1.975527
-33000 -11000 2.039504
-33000 -10000 2.100792
-33000 -9000 2.158763
-33000 -8000 2.212780
-33000 -7000 2.262221
-33000 -6000 2.306483
-33000 -5000 2.345003
-33000 -4000 2.377274
-33000 -3000 2.402856
-33000 -2000 2.421395
-33000 -1000 2.432625
-33000 0 2.436387
-33000 1000 2.432625
-33000 2000 2.421395
-33000 3000 2.402856
-33000 4000 2.377274
-33000 5000 2.345003
-33000 6000 2.306483
-33000 7000 2.262221
-33000 8000 2.212780
-33000 9000 2.158763
-33000 10000 2.100792
-33000 11000 2.039504
-33000 12000 1.975527
-33000 13000 1.909474
-33000 14000 1.841928
-33000 15000 1.773440
-33000 16000 1.704517
-33000 17000 1.635619
-33000 18000 1.567158
-33000 19000 1.499497
-33000 20000 1.432949
-33000 21000 1.367779
-33000 22000 1.304209
-33000 23000 1.242417
-33000 24000 1.182544
-33000 25000 1.124697
-33000 26000 1.068951
-33000 27000 1.015354
-33000 28000 0.963931
-33000 29000 0.914689
-33000 30000 0.867614
-33000 31000 0.822682
-33000 32000 0.779854
-33000 33000 0.739085
-33000 34000 0.700318
-33000 35000 0.663495
-33000 36000 0.628550
-33000 37000 0.595415
-33000 38000 0.564022
-33000 39000 0.534299
-33000 40000 0.506175
-33000 41000 0.479578
-33000 42000 0.454438
-33000 43000 0.430686
-33000 44000 0.408253
