-50000 -50000 0.067814
-50000 -49000 0.070283
-50000 -48000 0.072847
-50000 -47000 0.075509
-50000 -46000 0.078271
-50000 -45000 0.081135
-50000 -44000 0.084103
-50000 -43000 0.087177
-50000 -42000 0.090357
-50000 -41000 0.093644
-50000 -40000 0.097039
-50000 -39000 0.100542
-50000 -38000 0.104153
-50000 -37000 0.107870
-50000 -36000 0.111692
-50000 -35000 0.115617
-50000 -34000 0.119643
-50000 -33000 0.123764
-50000 -32000 0.127978
-50000 -31000 0.132278
-50000 -30000 0.136660
-50000 -29000 0.141115
-50000 -28000 0.145635
-50000 -27000 0.150212
-50000 -26000 0.154835
-50000 -25000 0.159493
-50000 -24000 0.164174
-50000 -23000 0.168865
-50000 -22000 0.173551
-50000 -21000 0.178217
-50000 -20000 0.182846
-50000 -19000 0.187422
-50000 -18000 0.191926
-50000 -17000 0.196339
-50000 -16000 0.200643
-50000 -15000 0.204819
-50000 -14000 0.208845
-50000 -13000 0.212702
-50000 -12000 0.216371
-50000 -11000 0.219831
-50000 -10000 0.223064
-50000 -9000 0.226051
-50000 -8000 0.228775
-50000 -7000 0.231221
-50000 -6000 0.233372
-50000 -5000 0.235216
-50000 -4000 0.236741
-50000 -3000 0.237938
-50000 -2000 0.238798
-50000 -1000 0.239316
-50000 0 0.239489
-50000 1000 0.239316
-50000 2000 0.238798
-50000 3000 0.237938
-50000 4000 0.236741
-50000 5000 0.235216
-50000 6000 0.233372
-50000 7000 0.231221
-50000 8000 0.228775
-50000 9000 0.226051
-50000 10000 0.223064
-50000 11000 0.219831
-50000 12000 0.216371
-50000 13000 0.212702
-50000 14000 0.208845
-50000 15000 0.204819
-50000 16000 0.200643
-50000 17000 0.196339
-50000 18000 0.191926
-50000 19000 0.187422
-50000 20000 0.182846
-50000 21000 0.178217
-50000 22000 0.173551
-50000 23000 0.168865
-50000 24000 0.164174
-50000 25000 0.159493
-50000 26000 0.154835
-50000 27000 0.150212
-50000 28000 0.145635
-50000 29000 0.141115
-50000 30000 0.136660
-50000 31000 0.132278
-50000 32000 0.127978
-50000 33000 0.123764
-50000 34000 0.119643
-50000 35000 0.115617
-50000 36000 0.111692
-50000 37000 0.107870
-50000 38000 0.104153
-50000 39000 0.100542
-50000 40000 0.097039
-50000 41000 0.093644
-50000 42000 0.090357
-50000 43000 0.087177
-50000 44000 0.084103
-50000 45000 0.081135
-50000 46000 0.078271
-50000 47000 0.075509
-50000 48000 0.072847
-50000 49000 0.070283
-49000 -50000 0.070283
-49000 -49000 0.072901
-49000 -48000 0.075624
-49000 -47000 0.078455
-49000 -46000 0.081395
-49000 -45000 0.084448
-49000 -44000 0.087615
-49000 -43000 0.090898
-49000 -42000 0.094300
-49000 -41000 0.097820
-49000 -40000 0.101461
-49000 -39000 0.105222
-49000 -38000 0.109104
-49000 -37000 0.113105
-49000 -36000 0.117225
-49000 -35000 0.121461
-49000 -34000 0.125811
-49000 -33000 0.130271
-49000 -32000 0.134837
-49000 -31000 0.139504
-49000 -30000 0.144264
-49000 -29000 0.149110
-49000 -28000 0.154035
-49000 -27000 0.159027
-49000 -26000 0.164077
-49000 -25000 0.169172
-49000 -24000 0.174298
-49000 -23000 0.179441
-49000 -22000 0.184586
-49000 -21000 0.189714
-49000 -20000 0.194809
-49000 -19000 0.199850
-49000 -18000 0.204819
-49000 -17000 0.209693
-49000 -16000 0.214451
-49000 -15000 0.219071
-49000 -14000 0.223531
-49000 -13000 0.227808
-49000 -12000 0.231879
-49000 -11000 0.235723
-49000 -10000 0.239316
-49000 -9000 0.242639
-49000 -8000 0.245672
-49000 -7000 0.248395
-49000 -6000 0.250792
-49000 -5000 0.252848
-49000 -4000 0.254549
-49000 -3000 0.255884
-49000 -2000 0.256844
-49000 -1000 0.257422
-49000 0 0.257615
-49000 1000 0.257422
-49000 2000 0.256844
-49000 3000 0.255884
-49000 4000 0.254549
-49000 5000 0.252848
-49000 6000 0.250792
-49000 7000 0.248395
-49000 8000 0.245672
-49000 9000 0.242639
-49000 10000 0.239316
-49000 11000 0.235723
-49000 12000 0.231879
-49000 13000 0.227808
-49000 14000 0.223531
-49000 15000 0.219071
-49000 16000 0.214451
-49000 17000 0.209693
-49000 18000 0.204819
-49000 19000 0.199850
-49000 20000 0.194809
-49000 21000 0.189714
-49000 22000 0.184586
-49000 23000 0.179441
-49000 24000 0.174298
-49000 25000 0.169172
-49000 26000 0.164077
-49000 27000 0.159027
-49000 28000 0.154035
-49000 29000 0.149110
-49000 30000 0.144264
-49000 31000 0.139504
-49000 32000 0.134837
-49000 33000 0.130271
-49000 34000 0.125811
-49000 35000 0.121461
-49000 36000 0.117225
-49000 37000 0.113105
-49000 38000 0.109104
-49000 39000 0.105222
-49000 40000 0.101461
-49000 41000 0.097820
-49000 42000 0.094300
-49000 43000 0.090898
-49000 44000 0.087615
-49000 45000 0.084448
-49000 46000 0.081395
-49000 47000 0.078455
-49000 48000 0.075624
-49000 49000 0.072901
-48000 -50000 0.072847
-48000 -49000 0.075624
-48000 -48000 0.078516
-48000 -47000 0.081526
-48000 -46000 0.084655
-48000 -45000 0.087909
-48000 -44000 0.091288
-48000 -43000 0.094796
-48000 -42000 0.098435
-48000 -41000 0.102205
-48000 -40000 0.106110
-48000 -39000 0.110149
-48000 -38000 0.114323
-48000 -37000 0.118631
-48000 -36000 0.123072
-48000 -35000 0.127646
-48000 -34000 0.132349
-48000 -33000 0.137177
-48000 -32000 0.142126
-48000 -31000 0.147192
-48000 -30000 0.152366
-48000 -29000 0.157641
-48000 -28000 0.163009
-48000 -27000 0.168458
-48000 -26000 0.173977
-48000 -25000 0.179553
-48000 -24000 0.185171
-48000 -23000 0.190815
-48000 -22000 0.196468
-48000 -21000 0.202110
-48000 -20000 0.207722
-48000 -19000 0.213283
-48000 -18000 0.218769
-48000 -17000 0.224157
-48000 -16000 0.229424
-48000 -15000 0.234543
-48000 -14000 0.239490
-48000 -13000 0.244238
-48000 -12000 0.248762
-48000 -11000 0.253036
-48000 -10000 0.257036
-48000 -9000 0.260738
-48000 -8000 0.264118
-48000 -7000 0.267156
-48000 -6000 0.269831
-48000 -5000 0.272127
-48000 -4000 0.274026
-48000 -3000 0.275518
-48000 -2000 0.276591
-48000 -1000 0.277237
-48000 0 0.277453
-48000 1000 0.277237
-48000 2000 0.276591
-48000 3000 0.275518
-48000 4000 0.274026
-48000 5000 0.272127
-48000 6000 0.269831
-48000 7000 0.267156
-48000 8000 0.264118
-48000 9000 0.260738
-48000 10000 0.257036
-48000 11000 0.253036
-48000 12000 0.248762
-48000 13000 0.244238
-48000 14000 0.239490
-48000 15000 0.234543
-48000 16000 0.229424
-48000 17000 0.224157
-48000 18000 0.218769
-48000 19000 0.213283
-48000 20000 0.207722
-48000 21000 0.202110
-48000 22000 0.196468
-48000 23000 0.190815
-48000 24000 0.185171
-48000 25000 0.179553
-48000 26000 0.173977
-48000 27000 0.168458
-48000 28000 0.163009
-48000 29000 0.157641
-48000 30000 0.152366
-48000 31000 0.147192
-48000 32000 0.142126
-48000 33000 0.137177
-48000 34000 0.132349
-48000 35000 0.127646
-48000 36000 0.123072
-48000 37000 0.118631
-48000 38000 0.114323
-48000 39000 0.110149
-48000 40000 0.106110
-48000 41000 0.102205
-48000 42000 0.098435
-48000 43000 0.094796
-48000 44000 0.091288
-48000 45000 0.087909
-48000 46000 0.084655
-48000 47000 0.081526
-48000 48000 0.078516
-48000 49000 0.075624
-47000 -50000 0.075509
-47000 -49000 0.078455
-47000 -48000 0.081526
-47000 -47000 0.084725
-47000 -46000 0.088056
-47000 -45000 0.091523
-47000 -44000 0.095129
-47000 -43000 0.098877
-47000 -42000 0.102769
-47000 -41000 0.106808
-47000 -40000 0.110996
-47000 -39000 0.115334
-47000 -38000 0.119823
-47000 -37000 0.124462
-47000 -36000 0.129252
-47000 -35000 0.134191
-47000 -34000 0.139276
-47000 -33000 0.144504
-47000 -32000 0.149872
-47000 -31000 0.155372
-47000 -30000 0.160999
-47000 -29000 0.166744
-47000 -28000 0.172598
-47000 -27000 0.178550
-47000 -26000 0.184586
-47000 -25000 0.190692
-47000 -24000 0.196854
-47000 -23000 0.203052
-47000 -22000 0.209268
-47000 -21000 0.215482
-47000 -20000 0.221670
-47000 -19000 0.227808
-47000 -18000 0.233873
-47000 -17000 0.239837
-47000 -16000 0.245672
-47000 -15000 0.251351
-47000 -14000 0.256844
-47000 -13000 0.262122
-47000 -12000 0.267156
-47000 -11000 0.271917
-47000 -10000 0.276376
-47000 -9000 0.280505
-47000 -8000 0.284279
-47000 -7000 0.287673
-47000 -6000 0.290663
-47000 -5000 0.293230
-47000 -4000 0.295356
-47000 -3000 0.297025
-47000 -2000 0.298226
-47000 -1000 0.298950
-47000 0 0.299192
-47000 1000 0.298950
-47000 2000 0.298226
-47000 3000 0.297025
-47000 4000 0.295356
-47000 5000 0.293230
-47000 6000 0.290663
-47000 7000 0.287673
-47000 8000 0.284279
-47000 9000 0.280505
-47000 10000 0.276376
-47000 11000 0.271917
-47000 12000 0.267156
-47000 13000 0.262122
-47000 14000 0.256844
-47000 15000 0.251351
-47000 16000 0.245672
-47000 17000 0.239837
-47000 18000 0.233873
-47000 19000 0.227808
-47000 20000 0.221670
-47000 21000 0.215482
-47000 22000 0.209268
-47000 23000 0.203052
-47000 24000 0.196854
-47000 25000 0.190692
-47000 26000 0.184586
-47000 27000 0.178550
-47000 28000 0.172598
-47000 29000 0.166744
-47000 30000 0.160999
-47000 31000 0.155372
-47000 32000 0.149872
-47000 33000 0.144504
-47000 34000 0.139276
-47000 35000 0.134191
-47000 36000 0.129252
-47000 37000 0.124462
-47000 38000 0.119823
-47000 39000 0.115334
-47000 40000 0.110996
-47000 41000 0.106808
-47000 42000 0.102769
-47000 43000 0.098877
-47000 44000 0.095129
-47000 45000 0.091523
-47000 46000 0.088056
-47000 47000 0.084725
-47000 48000 0.081526
-47000 49000 0.078455
-46000 -50000 0.078271
-46000 -49000 0.081395
-46000 -48000 0.084655
-46000 -47000 0.088056
-46000 -46000 0.091602
-46000 -45000 0.095297
-46000 -44000 0.099144
-46000 -43000 0.103148
-46000 -42000 0.107312
-46000 -41000 0.111638
-46000 -40000 0.116130
-46000 -39000 0.120789
-46000 -38000 0.125617
-46000 -37000 0.130614
-46000 -36000 0.135780
-46000 -35000 0.141115
-46000 -34000 0.146615
-46000 -33000 0.152279
-46000 -32000 0.158101
-46000 -31000 0.164077
-46000 -30000 0.170199
-46000 -29000 0.176459
-46000 -28000 0.182846
-46000 -27000 0.189350
-46000 -26000 0.195955
-46000 -25000 0.202648
-46000 -24000 0.209410
-46000 -23000 0.216222
-46000 -22000 0.223064
-46000 -21000 0.229912
-46000 -20000 0.236741
-46000 -19000 0.243526
-46000 -18000 0.250236
-46000 -17000 0.256844
-46000 -16000 0.263317
-46000 -15000 0.269624
-46000 -14000 0.275732
-46000 -13000 0.281607
-46000 -12000 0.287217
-46000 -11000 0.292527
-46000 -10000 0.297504
-46000 -9000 0.302118
-46000 -8000 0.306338
-46000 -7000 0.310135
-46000 -6000 0.313483
-46000 -5000 0.316359
-46000 -4000 0.318741
-46000 -3000 0.320613
-46000 -2000 0.321960
-46000 -1000 0.322772
-46000 0 0.323043
-46000 1000 0.322772
-46000 2000 0.321960
-46000 3000 0.320613
-46000 4000 0.318741
-46000 5000 0.316359
-46000 6000 0.313483
-46000 7000 0.310135
-46000 8000 0.306338
-46000 9000 0.302118
-46000 10000 0.297504
-46000 11000 0.292527
-46000 12000 0.287217
-46000 13000 0.281607
-46000 14000 0.275732
-46000 15000 0.269624
-46000 16000 0.263317
-46000 17000 0.256844
-46000 18000 0.250236
-46000 19000 0.243526
-46000 20000 0.236741
-46000 21000 0.229912
-46000 22000 0.223064
-46000 23000 0.216222
-46000 24000 0.209410
-46000 25000 0.202648
-46000 26000 0.195955
-46000 27000 0.189350
-46000 28000 0.182846
-46000 29000 0.176459
-46000 30000 0.170199
-46000 31000 0.164077
-46000 32000 0.158101
-46000 33000 0.152279
-46000 34000 0.146615
-46000 35000 0.141115
-46000 36000 0.135780
-46000 37000 0.130614
-46000 38000 0.125617
-46000 39000 0.120789
-46000 40000 0.116130
-46000 41000 0.111638
-46000 42000 0.107312
-46000 43000 0.103148
-46000 44000 0.099144
-46000 45000 0.095297
-46000 46000 0.091602
-46000 47000 0.088056
-46000 48000 0.084655
-46000 49000 0.081395
-45000 -50000 0.081135
-45000 -49000 0.084448
-45000 -48000 0.087909
-45000 -47000 0.091523
-45000 -46000 0.095297
-45000 -45000 0.099233
-45000 -44000 0.103338
-45000 -43000 0.107616
-45000 -42000 0.112070
-45000 -41000 0.116704
-45000 -40000 0.121523
-45000 -39000 0.126527
-45000 -38000 0.131720
-45000 -37000 0.137103
-45000 -36000 0.142676
-45000 -35000 0.148439
-45000 -34000 0.154390
-45000 -33000 0.160526
-45000 -32000 0.166845
-45000 -31000 0.173339
-45000 -30000 0.180002
-45000 -29000 0.186826
-45000 -28000 0.193799
-45000 -27000 0.200909
-45000 -26000 0.208142
-45000 -25000 0.215482
-45000 -24000 0.222908
-45000 -23000 0.230402
-45000 -22000 0.237938
-45000 -21000 0.245492
-45000 -20000 0.253036
-45000 -19000 0.260541
-45000 -18000 0.267975
-45000 -17000 0.275304
-45000 -16000 0.282494
-45000 -15000 0.289508
-45000 -14000 0.296308
-45000 -13000 0.302857
-45000 -12000 0.309116
-45000 -11000 0.315047
-45000 -10000 0.320613
-45000 -9000 0.325776
-45000 -8000 0.330502
-45000 -7000 0.334758
-45000 -6000 0.338513
-45000 -5000 0.341740
-45000 -4000 0.344415
-45000 -3000 0.346517
-45000 -2000 0.348030
-45000 -1000 0.348943
-45000 0 0.349248
-45000 1000 0.348943
-45000 2000 0.348030
-45000 3000 0.346517
-45000 4000 0.344415
-45000 5000 0.341740
-45000 6000 0.338513
-45000 7000 0.334758
-45000 8000 0.330502
-45000 9000 0.325776
-45000 10000 0.320613
-45000 11000 0.315047
-45000 12000 0.309116
-45000 13000 0.302857
-45000 14000 0.296308
-45000 15000 0.289508
-45000 16000 0.282494
-45000 17000 0.275304
-45000 18000 0.267975
-45000 19000 0.260541
-45000 20000 0.253036
-45000 21000 0.245492
-45000 22000 0.237938
-45000 23000 0.230402
-45000 24000 0.222908
-45000 25000 0.215482
-45000 26000 0.208142
-45000 27000 0.200909
-45000 28000 0.193799
-45000 29000 0.186826
-45000 30000 0.180002
-45000 31000 0.173339
-45000 32000 0.166845
-45000 33000 0.160526
-45000 34000 0.154390
-45000 35000 0.148439
-45000 36000 0.142676
-45000 37000 0.137103
-45000 38000 0.131720
-45000 39000 0.126527
-45000 40000 0.121523
-45000 41000 0.116704
-45000 42000 0.112070
-45000 43000 0.107616
-45000 44000 0.103338
-45000 45000 0.099233
-45000 46000 0.095297
-45000 47000 0.091523
-45000 48000 0.087909
-45000 49000 0.084448
-44000 -50000 0.084103
-44000 -49000 0.087615
-44000 -48000 0.091288
-44000 -47000 0.095129
-44000 -46000 0.099144
-44000 -45000 0.103338
-44000 -44000 0.107717
-44000 -43000 0.112287
-44000 -42000 0.117051
-44000 -41000 0.122015
-44000 -40000 0.127183
-44000 -39000 0.132559
-44000 -38000 0.138145
-44000 -37000 0.143944
-44000 -36000 0.149957
-44000 -35000 0.156183
-44000 -34000 0.162623
-44000 -33000 0.169274
-44000 -32000 0.176132
-44000 -31000 0.183192
-44000 -30000 0.190447
-44000 -29000 0.197888
-44000 -28000 0.205505
-44000 -27000 0.213283
-44000 -26000 0.221208
-44000 -25000 0.229262
-44000 -24000 0.237424
-44000 -23000 0.245672
-44000 -22000 0.253980
-44000 -21000 0.262321
-44000 -20000 0.270663
-44000 -19000 0.278973
-44000 -18000 0.287217
-44000 -17000 0.295356
-44000 -16000 0.303351
-44000 -15000 0.311160
-44000 -14000 0.318741
-44000 -13000 0.326051
-44000 -12000 0.333046
-44000 -11000 0.339682
-44000 -10000 0.345914
-44000 -9000 0.351702
-44000 -8000 0.357004
-44000 -7000 0.361783
-44000 -6000 0.366002
-44000 -5000 0.369630
-44000 -4000 0.372638
-44000 -3000 0.375004
-44000 -2000 0.376707
-44000 -1000 0.377734
-44000 0 0.378078
-44000 1000 0.377734
-44000 2000 0.376707
-44000 3000 0.375004
-44000 4000 0.372638
-44000 5000 0.369630
-44000 6000 0.366002
-44000 7000 0.361783
-44000 8000 0.357004
-44000 9000 0.351702
-44000 10000 0.345914
-44000 11000 0.339682
-44000 12000 0.333046
-44000 13000 0.326051
-44000 14000 0.318741
-44000 15000 0.311160
-44000 16000 0.303351
-44000 17000 0.295356
-44000 18000 0.287217
-44000 19000 0.278973
-44000 20000 0.270663
-44000 21000 0.262321
-44000 22000 0.253980
-44000 23000 0.245672
-44000 24000 0.237424
-44000 25000 0.229262
-44000 26000 0.221208
-44000 27000 0.213283
-44000 28000 0.205505
-44000 29000 0.197888
-44000 30000 0.190447
-44000 31000 0.183192
-44000 32000 0.176132
-44000 33000 0.169274
-44000 34000 0.162623
-44000 35000 0.156183
-44000 36000 0.149957
-44000 37000 0.143944
-44000 38000 0.138145
-44000 39000 0.132559
-44000 40000 0.127183
-44000 41000 0.122015
-44000 42000 0.117051
-44000 43000 0.112287
-44000 44000 0.107717
-44000 45000 0.103338
-44000 46000 0.099144
-44000 47000 0.095129
-44000 48000 0.091288
-44000 49000 0.087615
-43000 -50000 0.087177
-43000 -49000 0.090898
-43000 -48000 0.094796
-43000 -47000 0.098877
-43000 -46000 0.103148
-43000 -45000 0.107616
-43000 -44000 0.112287
-43000 -43000 0.117167
-43000 -42000 0.122263
-43000 -41000 0.127580
-43000 -40000 0.133123
-43000 -39000 0.138897
-43000 -38000 0.144907
-43000 -37000 0.151154
-43000 -36000 0.157641
-43000 -35000 0.164370
-43000 -34000 0.171340
-43000 -33000 0.178550
-43000 -32000 0.185996
-43000 -31000 0.193673
-43000 -30000 0.201575
-43000 -29000 0.209693
-43000 -28000 0.218015
-43000 -27000 0.226529
-43000 -26000 0.235216
-43000 -25000 0.244060
-43000 -24000 0.253037
-43000 -23000 0.262122
-43000 -22000 0.271289
-43000 -21000 0.280506
-43000 -20000 0.289738
-43000 -19000 0.298950
-43000 -18000 0.308102
-43000 -17000 0.317150
-43000 -16000 0.326052
-43000 -15000 0.334758
-43000 -14000 0.343222
-43000 -13000 0.351394
-43000 -12000 0.359223
-43000 -11000 0.366658
-43000 -10000 0.373649
-43000 -9000 0.380148
-43000 -8000 0.386108
-43000 -7000 0.391483
-43000 -6000 0.396232
-43000 -5000 0.400319
-43000 -4000 0.403709
-43000 -3000 0.406376
-43000 -2000 0.408298
-43000 -1000 0.409457
-43000 0 0.409844
-43000 1000 0.409457
-43000 2000 0.408298
-43000 3000 0.406376
-43000 4000 0.403709
-43000 5000 0.400319
-43000 6000 0.396232
-43000 7000 0.391483
-43000 8000 0.386108
-43000 9000 0.380148
-43000 10000 0.373649
-43000 11000 0.366658
-43000 12000 0.359223
-43000 13000 0.351394
-43000 14000 0.343222
-43000 15000 0.334758
-43000 16000 0.326052
-43000 17000 0.317150
-43000 18000 0.308102
-43000 19000 0.298950
-43000 20000 0.289738
-43000 21000 0.280506
-43000 22000 0.271289
-43000 23000 0.262122
-43000 24000 0.253037
-43000 25000 0.244060
-43000 26000 0.235216
-43000 27000 0.226529
-43000 28000 0.218015
-43000 29000 0.209693
-43000 30000 0.201575
-43000 31000 0.193673
-43000 32000 0.185996
-43000 33000 0.178550
-43000 34000 0.171340
-43000 35000 0.164370
-43000 36000 0.157641
-43000 37000 0.151154
-43000 38000 0.144907
-43000 39000 0.138897
-43000 40000 0.133123
-43000 41000 0.127580
-43000 42000 0.122263
-43000 43000 0.117167
-43000 44000 0.112287
-43000 45000 0.107616
-43000 46000 0.103148
-43000 47000 0.098877
-43000 48000 0.094796
-43000 49000 0.090898
-42000 -50000 0.090357
-42000 -49000 0.094300
-42000 -48000 0.098435
-42000 -47000 0.102769
-42000 -46000 0.107312
-42000 -45000 0.112070
-42000 -44000 0.117051
-42000 -43000 0.122263
-42000 -42000 0.127712
-42000 -41000 0.133406
-42000 -40000 0.139352
-42000 -39000 0.145554
-42000 -38000 0.152018
-42000 -37000 0.158749
-42000 -36000 0.165749
-42000 -35000 0.173021
-42000 -34000 0.180566
-42000 -33000 0.188382
-42000 -32000 0.196468
-42000 -31000 0.204819
-42000 -30000 0.213429
-42000 -29000 0.222288
-42000 -28000 0.231386
-42000 -27000 0.240708
-42000 -26000 0.250237
-42000 -25000 0.259953
-42000 -24000 0.269832
-42000 -23000 0.279848
-42000 -22000 0.289969
-42000 -21000 0.300163
-42000 -20000 0.310391
-42000 -19000 0.320613
-42000 -18000 0.330784
-42000 -17000 0.340856
-42000 -16000 0.350779
-42000 -15000 0.360500
-42000 -14000 0.369963
-42000 -13000 0.379111
-42000 -12000 0.387887
-42000 -11000 0.396232
-42000 -10000 0.404089
-42000 -9000 0.411400
-42000 -8000 0.418110
-42000 -7000 0.424168
-42000 -6000 0.429526
-42000 -5000 0.434138
-42000 -4000 0.437968
-42000 -3000 0.440981
-42000 -2000 0.443153
-42000 -1000 0.444464
-42000 0 0.444902
-42000 1000 0.444464
-42000 2000 0.443153
-42000 3000 0.440981
-42000 4000 0.437968
-42000 5000 0.434138
-42000 6000 0.429526
-42000 7000 0.424168
-42000 8000 0.418110
-42000 9000 0.411400
-42000 10000 0.404089
-42000 11000 0.396232
-42000 12000 0.387887
-42000 13000 0.379111
-42000 14000 0.369963
-42000 15000 0.360500
-42000 16000 0.350779
-42000 17000 0.340856
-42000 18000 0.330784
-42000 19000 0.320613
-42000 20000 0.310391
-42000 21000 0.300163
-42000 22000 0.289969
-42000 23000 0.279848
-42000 24000 0.269832
-42000 25000 0.259953
-42000 26000 0.250237
-42000 27000 0.240708
-42000 28000 0.231386
-42000 29000 0.222288
-42000 30000 0.213429
-42000 31000 0.204819
-42000 32000 0.196468
-42000 33000 0.188382
-42000 34000 0.180566
-42000 35000 0.173021
-42000 36000 0.165749
-42000 37000 0.158749
-42000 38000 0.152018
-42000 39000 0.145554
-42000 40000 0.139352
-42000 41000 0.133406
-42000 42000 0.127712
-42000 43000 0.122263
-42000 44000 0.117051
-42000 45000 0.112070
-42000 46000 0.107312
-42000 47000 0.102769
-42000 48000 0.098435
-42000 49000 0.094300
-41000 -50000 0.093644
-41000 -49000 0.097820
-41000 -48000 0.102205
-41000 -47000 0.106808
-41000 -46000 0.111638
-41000 -45000 0.116704
-41000 -44000 0.122015
-41000 -43000 0.127580
-41000 -42000 0.133406
-41000 -41000 0.139504
-41000 -40000 0.145879
-41000 -39000 0.152540
-41000 -38000 0.159493
-41000 -37000 0.166745
-41000 -36000 0.174298
-41000 -35000 0.182157
-41000 -34000 0.190325
-41000 -33000 0.198800
-41000 -32000 0.207583
-41000 -31000 0.216669
-41000 -30000 0.226052
-41000 -29000 0.235723
-41000 -28000 0.245672
-41000 -27000 0.255884
-41000 -26000 0.266341
-41000 -25000 0.277022
-41000 -24000 0.287902
-41000 -23000 0.298951
-41000 -22000 0.310136
-41000 -21000 0.321420
-41000 -20000 0.332763
-41000 -19000 0.344117
-41000 -18000 0.355433
-41000 -17000 0.366658
-41000 -16000 0.377735
-41000 -15000 0.388603
-41000 -14000 0.399198
-41000 -13000 0.409457
-41000 -12000 0.419312
-41000 -11000 0.428695
-41000 -10000 0.437540
-41000 -9000 0.445780
-41000 -8000 0.453352
-41000 -7000 0.460194
-41000 -6000 0.466250
-41000 -5000 0.471468
-41000 -4000 0.475803
-41000 -3000 0.479215
-41000 -2000 0.481676
-41000 -1000 0.483161
-41000 0 0.483658
-41000 1000 0.483161
-41000 2000 0.481676
-41000 3000 0.479215
-41000 4000 0.475803
-41000 5000 0.471468
-41000 6000 0.466250
-41000 7000 0.460194
-41000 8000 0.453352
-41000 9000 0.445780
-41000 10000 0.437540
-41000 11000 0.428695
-41000 12000 0.419312
-41000 13000 0.409457
-41000 14000 0.399198
-41000 15000 0.388603
-41000 16000 0.377735
-41000 17000 0.366658
-41000 18000 0.355433
-41000 19000 0.344117
-41000 20000 0.332763
-41000 21000 0.321420
-41000 22000 0.310136
-41000 23000 0.298951
-41000 24000 0.287902
-41000 25000 0.277022
-41000 26000 0.266341
-41000 27000 0.255884
-41000 28000 0.245672
-41000 29000 0.235723
-41000 30000 0.226052
-41000 31000 0.216669
-41000 32000 0.207583
-41000 33000 0.198800
-41000 34000 0.190325
-41000 35000 0.182157
-41000 36000 0.174298
-41000 37000 0.166745
-41000 38000 0.159493
-41000 39000 0.152540
-41000 40000 0.145879
-41000 41000 0.139504
-41000 42000 0.133406
-41000 43000 0.127580
-41000 44000 0.122015
-41000 45000 0.116704
-41000 46000 0.111638
-41000 47000 0.106808
-41000 48000 0.102205
-41000 49000 0.097820
-40000 -50000 0.097039
-40000 -49000 0.101461
-40000 -48000 0.106110
-40000 -47000 0.110996
-40000 -46000 0.116130
-40000 -45000 0.121523
-40000 -44000 0.127183
-40000 -43000 0.133123
-40000 -42000 0.139352
-40000 -41000 0.145879
-40000 -40000 0.152715
-40000 -39000 0.159868
-40000 -38000 0.167346
-40000 -37000 0.175158
-40000 -36000 0.183308
-40000 -35000 0.191802
-40000 -34000 0.200644
-40000 -33000 0.209835
-40000 -32000 0.219375
-40000 -31000 0.229262
-40000 -30000 0.239490
-40000 -29000 0.250052
-40000 -28000 0.260936
-40000 -27000 0.272127
-40000 -26000 0.283608
-40000 -25000 0.295356
-40000 -24000 0.307345
-40000 -23000 0.319542
-40000 -22000 0.331913
-40000 -21000 0.344416
-40000 -20000 0.357005
-40000 -19000 0.369631
-40000 -18000 0.382236
-40000 -17000 0.394762
-40000 -16000 0.407144
-40000 -15000 0.419312
-40000 -14000 0.431195
-40000 -13000 0.442718
-40000 -12000 0.453803
-40000 -11000 0.464374
-40000 -10000 0.474351
-40000 -9000 0.483658
-40000 -8000 0.492219
-40000 -7000 0.499964
-40000 -6000 0.506825
-40000 -5000 0.512742
-40000 -4000 0.517661
-40000 -3000 0.521535
-40000 -2000 0.524330
-40000 -1000 0.526017
-40000 0 0.526582
-40000 1000 0.526017
-40000 2000 0.524330
-40000 3000 0.521535
-40000 4000 0.517661
-40000 5000 0.512742
-40000 6000 0.506825
-40000 7000 0.499964
-40000 8000 0.492219
-40000 9000 0.483658
-40000 10000 0.474351
-40000 11000 0.464374
-40000 12000 0.453803
-40000 13000 0.442718
-40000 14000 0.431195
-40000 15000 0.419312
-40000 16000 0.407144
-40000 17000 0.394762
-40000 18000 0.382236
-40000 19000 0.369631
-40000 20000 0.357005
-40000 21000 0.344416
-40000 22000 0.331913
-40000 23000 0.319542
-40000 24000 0.307345
-40000 25000 0.295356
-40000 26000 0.283608
-40000 27000 0.272127
-40000 28000 0.260936
-40000 29000 0.250052
-40000 30000 0.239490
-40000 31000 0.229262
-40000 32000 0.219375
-40000 33000 0.209835
-40000 34000 0.200644
-40000 35000 0.191802
-40000 36000 0.183308
-40000 37000 0.175158
-40000 38000 0.167346
-40000 39000 0.159868
-40000 40000 0.152715
-40000 41000 0.145879
-40000 42000 0.139352
-40000 43000 0.133123
-40000 44000 0.127183
-40000 45000 0.121523
-40000 46000 0.116130
-40000 47000 0.110996
-40000 48000 0.106110
-40000 49000 0.101461
-39000 -50000 0.100542
-39000 -49000 0.105222
-39000 -48000 0.110149
-39000 -47000 0.115334
-39000 -46000 0.120789
-39000 -45000 0.126527
-39000 -44000 0.132559
-39000 -43000 0.138897
-39000 -42000 0.145554
-39000 -41000 0.152540
-39000 -40000 0.159868
-39000 -39000 0.167548
-39000 -38000 0.175590
-39000 -37000 0.184003
-39000 -36000 0.192797
-39000 -35000 0.201977
-39000 -34000 0.211548
-39000 -33000 0.221516
-39000 -32000 0.231880
-39000 -31000 0.242640
-39000 -30000 0.253792
-39000 -29000 0.265328
-39000 -28000 0.277238
-39000 -27000 0.289508
-39000 -26000 0.302119
-39000 -25000 0.315048
-39000 -24000 0.328266
-39000 -23000 0.341741
-39000 -22000 0.355433
-39000 -21000 0.369299
-39000 -20000 0.383287
-39000 -19000 0.397341
-39000 -18000 0.411401
-39000 -17000 0.425396
-39000 -16000 0.439256
-39000 -15000 0.452902
-39000 -14000 0.466250
-39000 -13000 0.479216
-39000 -12000 0.491710
-39000 -11000 0.503641
-39000 -10000 0.514919
-39000 -9000 0.525454
-39000 -8000 0.535157
-39000 -7000 0.543944
-39000 -6000 0.551737
-39000 -5000 0.558463
-39000 -4000 0.564058
-39000 -3000 0.568469
-39000 -2000 0.571652
-39000 -1000 0.573574
-39000 0 0.574217
-39000 1000 0.573574
-39000 2000 0.571652
-39000 3000 0.568469
-39000 4000 0.564058
-39000 5000 0.558463
-39000 6000 0.551737
-39000 7000 0.543944
-39000 8000 0.535157
-39000 9000 0.525454
-39000 10000 0.514919
-39000 11000 0.503641
-39000 12000 0.491710
-39000 13000 0.479216
-39000 14000 0.466250
-39000 15000 0.452902
-39000 16000 0.439256
-39000 17000 0.425396
-39000 18000 0.411401
-39000 19000 0.397341
-39000 20000 0.383287
-39000 21000 0.369299
-39000 22000 0.355433
-39000 23000 0.341741
-39000 24000 0.328266
-39000 25000 0.315048
-39000 26000 0.302119
-39000 27000 0.289508
-39000 28000 0.277238
-39000 29000 0.265328
-39000 30000 0.253792
-39000 31000 0.242640
-39000 32000 0.231880
-39000 33000 0.221516
-39000 34000 0.211548
-39000 35000 0.201977
-39000 36000 0.192797
-39000 37000 0.184003
-39000 38000 0.175590
-39000 39000 0.167548
-39000 40000 0.159868
-39000 41000 0.152540
-39000 42000 0.145554
-39000 43000 0.138897
-39000 44000 0.132559
-39000 45000 0.126527
-39000 46000 0.120789
-39000 47000 0.115334
-39000 48000 0.110149
-39000 49000 0.105222
-38000 -50000 0.104153
-38000 -49000 0.109104
-38000 -48000 0.114323
-38000 -47000 0.119823
-38000 -46000 0.125617
-38000 -45000 0.131720
-38000 -44000 0.138145
-38000 -43000 0.144907
-38000 -42000 0.152018
-38000 -41000 0.159493
-38000 -40000 0.167346
-38000 -39000 0.175590
-38000 -38000 0.184236
-38000 -37000 0.193297
-38000 -36000 0.202783
-38000 -35000 0.212703
-38000 -34000 0.223064
-38000 -33000 0.233873
-38000 -32000 0.245133
-38000 -31000 0.256844
-38000 -30000 0.269005
-38000 -29000 0.281608
-38000 -28000 0.294645
-38000 -27000 0.308102
-38000 -26000 0.321961
-38000 -25000 0.336196
-38000 -24000 0.350780
-38000 -23000 0.365676
-38000 -22000 0.380843
-38000 -21000 0.396233
-38000 -20000 0.411791
-38000 -19000 0.427454
-38000 -18000 0.443154
-38000 -17000 0.458814
-38000 -16000 0.474352
-38000 -15000 0.489678
-38000 -14000 0.504700
-38000 -13000 0.519316
-38000 -12000 0.533425
-38000 -11000 0.546922
-38000 -10000 0.559699
-38000 -9000 0.571651
-38000 -8000 0.582675
-38000 -7000 0.592671
-38000 -6000 0.601545
-38000 -5000 0.609212
-38000 -4000 0.615595
-38000 -3000 0.620630
-38000 -2000 0.624265
-38000 -1000 0.626461
-38000 0 0.627196
-38000 1000 0.626461
-38000 2000 0.624265
-38000 3000 0.620630
-38000 4000 0.615595
-38000 5000 0.609212
-38000 6000 0.601545
-38000 7000 0.592671
-38000 8000 0.582675
-38000 9000 0.571651
-38000 10000 0.559699
-38000 11000 0.546922
-38000 12000 0.533425
-38000 13000 0.519316
-38000 14000 0.504700
-38000 15000 0.489678
-38000 16000 0.474352
-38000 17000 0.458814
-38000 18000 0.443154
-38000 19000 0.427454
-38000 20000 0.411791
-38000 21000 0.396233
-38000 22000 0.380843
-38000 23000 0.365676
-38000 24000 0.350780
-38000 25000 0.336196
-38000 26000 0.321961
-38000 27000 0.308102
-38000 28000 0.294645
-38000 29000 0.281608
-38000 30000 0.269005
-38000 31000 0.256844
-38000 32000 0.245133
-38000 33000 0.233873
-38000 34000 0.223064
-38000 35000 0.212703
-38000 36000 0.202783
-38000 37000 0.193297
-38000 38000 0.184236
-38000 39000 0.175590
-38000 40000 0.167346
-38000 41000 0.159493
-38000 42000 0.152018
-38000 43000 0.144907
-38000 44000 0.138145
-38000 45000 0.131720
-38000 46000 0.125617
-38000 47000 0.119823
-38000 48000 0.114323
-38000 49000 0.109104
-37000 -50000 0.107870
-37000 -49000 0.113105
-37000 -48000 0.118631
-37000 -47000 0.124462
-37000 -46000 0.130614
-37000 -45000 0.137103
-37000 -44000 0.143944
-37000 -43000 0.151154
-37000 -42000 0.158749
-37000 -41000 0.166745
-37000 -40000 0.175158
-37000 -39000 0.184003
-37000 -38000 0.193297
-37000 -37000 0.203052
-37000 -36000 0.213283
-37000 -35000 0.224001
-37000 -34000 0.235217
-37000 -33000 0.246938
-37000 -32000 0.259170
-37000 -31000 0.271918
-37000 -30000 0.285179
-37000 -29000 0.298951
-37000 -28000 0.313225
-37000 -27000 0.327989
-37000 -26000 0.343224
-37000 -25000 0.358906
-37000 -24000 0.375005
-37000 -23000 0.391484
-37000 -22000 0.408299
-37000 -21000 0.425397
-37000 -20000 0.442719
-37000 -19000 0.460195
-37000 -18000 0.477749
-37000 -17000 0.495296
-37000 -16000 0.512743
-37000 -15000 0.529987
-37000 -14000 0.546922
-37000 -13000 0.563433
-37000 -12000 0.579400
-37000 -11000 0.594701
-37000 -10000 0.609212
-37000 -9000 0.622807
-37000 -8000 0.635364
-37000 -7000 0.646766
-37000 -6000 0.656900
-37000 -5000 0.665665
-37000 -4000 0.672969
-37000 -3000 0.678734
-37000 -2000 0.682898
-37000 -1000 0.685416
-37000 0 0.686258
-37000 1000 0.685416
-37000 2000 0.682898
-37000 3000 0.678734
-37000 4000 0.672969
-37000 5000 0.665665
-37000 6000 0.656900
-37000 7000 0.646766
-37000 8000 0.635364
-37000 9000 0.622807
-37000 10000 0.609212
-37000 11000 0.594701
-37000 12000 0.579400
-37000 13000 0.563433
-37000 14000 0.546922
-37000 15000 0.529987
-37000 16000 0.512743
-37000 17000 0.495296
-37000 18000 0.477749
-37000 19000 0.460195
-37000 20000 0.442719
-37000 21000 0.425397
-37000 22000 0.408299
-37000 23000 0.391484
-37000 24000 0.375005
-37000 25000 0.358906
-37000 26000 0.343224
-37000 27000 0.327989
-37000 28000 0.313225
-37000 29000 0.298951
-37000 30000 0.285179
-37000 31000 0.271918
-37000 32000 0.259170
-37000 33000 0.246938
-37000 34000 0.235217
-37000 35000 0.224001
-37000 36000 0.213283
-37000 37000 0.203052
-37000 38000 0.193297
-37000 39000 0.184003
-37000 40000 0.175158
-37000 41000 0.166745
-37000 42000 0.158749
-37000 43000 0.151154
-37000 44000 0.143944
-37000 45000 0.137103
-37000 46000 0.130614
-37000 47000 0.124462
-37000 48000 0.118631
-37000 49000 0.113105
-36000 -50000 0.111692
-36000 -49000 0.117225
-36000 -48000 0.123072
-36000 -47000 0.129252
-36000 -46000 0.135780
-36000 -45000 0.142676
-36000 -44000 0.149957
-36000 -43000 0.157641
-36000 -42000 0.165749
-36000 -41000 0.174298
-36000 -40000 0.183308
-36000 -39000 0.192797
-36000 -38000 0.202783
-36000 -37000 0.213283
-36000 -36000 0.224315
-36000 -35000 0.235893
-36000 -34000 0.248030
-36000 -33000 0.260739
-36000 -32000 0.274027
-36000 -31000 0.287902
-36000 -30000 0.302365
-36000 -29000 0.317416
-36000 -28000 0.333047
-36000 -27000 0.349249
-36000 -26000 0.366004
-36000 -25000 0.383288
-36000 -24000 0.401070
-36000 -23000 0.419313
-36000 -22000 0.437970
-36000 -21000 0.456983
-36000 -20000 0.476289
-36000 -19000 0.495812
-36000 -18000 0.515467
-36000 -17000 0.535158
-36000 -16000 0.554780
-36000 -15000 0.574218
-36000 -14000 0.593347
-36000 -13000 0.612037
-36000 -12000 0.630148
-36000 -11000 0.647537
-36000 -10000 0.664058
-36000 -9000 0.679564
-36000 -8000 0.693908
-36000 -7000 0.706952
-36000 -6000 0.718561
-36000 -5000 0.728612
-36000 -4000 0.736996
-36000 -3000 0.743620
-36000 -2000 0.748407
-36000 -1000 0.751301
-36000 0 0.752270
-36000 1000 0.751301
-36000 2000 0.748407
-36000 3000 0.743620
-36000 4000 0.736996
-36000 5000 0.728612
-36000 6000 0.718561
-36000 7000 0.706952
-36000 8000 0.693908
-36000 9000 0.679564
-36000 10000 0.664058
-36000 11000 0.647537
-36000 12000 0.630148
-36000 13000 0.612037
-36000 14000 0.593347
-36000 15000 0.574218
-36000 16000 0.554780
-36000 17000 0.535158
-36000 18000 0.515467
-36000 19000 0.495812
-36000 20000 0.476289
-36000 21000 0.456983
-36000 22000 0.437970
-36000 23000 0.419313
-36000 24000 0.401070
-36000 25000 0.383288
-36000 26000 0.366004
-36000 27000 0.349249
-36000 28000 0.333047
-36000 29000 0.317416
-36000 30000 0.302365
-36000 31000 0.287902
-36000 32000 0.274027
-36000 33000 0.260739
-36000 34000 0.248030
-36000 35000 0.235893
-36000 36000 0.224315
-36000 37000 0.213283
-36000 38000 0.202783
-36000 39000 0.192797
-36000 40000 0.183308
-36000 41000 0.174298
-36000 42000 0.165749
-36000 43000 0.157641
-36000 44000 0.149957
-36000 45000 0.142676
-36000 46000 0.135780
-36000 47000 0.129252
-36000 48000 0.123072
-36000 49000 0.117225
-35000 -50000 0.115617
-35000 -49000 0.121461
-35000 -48000 0.127646
-35000 -47000 0.134191
-35000 -46000 0.141115
-35000 -45000 0.148439
-35000 -44000 0.156183
-35000 -43000 0.164370
-35000 -42000 0.173021
-35000 -41000 0.182157
-35000 -40000 0.191802
-35000 -39000 0.201977
-35000 -38000 0.212703
-35000 -37000 0.224001
-35000 -36000 0.235893
-35000 -35000 0.248396
-35000 -34000 0.261528
-35000 -33000 0.275305
-35000 -32000 0.289739
-35000 -31000 0.304840
-35000 -30000 0.320614
-35000 -29000 0.337063
-35000 -28000 0.354184
-35000 -27000 0.371968
-35000 -26000 0.390401
-35000 -25000 0.409459
-35000 -24000 0.429112
-35000 -23000 0.449321
-35000 -22000 0.470038
-35000 -21000 0.491202
-35000 -20000 0.512744
-35000 -19000 0.534581
-35000 -18000 0.556618
-35000 -17000 0.578750
-35000 -16000 0.600857
-35000 -15000 0.622808
-35000 -14000 0.644462
-35000 -13000 0.665665
-35000 -12000 0.686258
-35000 -11000 0.706071
-35000 -10000 0.724932
-35000 -9000 0.742667
-35000 -8000 0.759104
-35000 -7000 0.774073
-35000 -6000 0.787414
-35000 -5000 0.798980
-35000 -4000 0.808639
-35000 -3000 0.816275
-35000 -2000 0.821797
-35000 -1000 0.825138
-35000 0 0.826256
-35000 1000 0.825138
-35000 2000 0.821797
-35000 3000 0.816275
-35000 4000 0.808639
-35000 5000 0.798980
-35000 6000 0.787414
-35000 7000 0.774073
-35000 8000 0.759104
-35000 9000 0.742667
-35000 10000 0.724932
-35000 11000 0.706071
-35000 12000 0.686258
-35000 13000 0.665665
-35000 14000 0.644462
-35000 15000 0.622808
-35000 16000 0.600857
-35000 17000 0.578750
-35000 18000 0.556618
-35000 19000 0.534581
-35000 20000 0.512744
-35000 21000 0.491202
-35000 22000 0.470038
-35000 23000 0.449321
-35000 24000 0.429112
-35000 25000 0.409459
-35000 26000 0.390401
-35000 27000 0.371968
-35000 28000 0.354184
-35000 29000 0.337063
-35000 30000 0.320614
-35000 31000 0.304840
-35000 32000 0.289739
-35000 33000 0.275305
-35000 34000 0.261528
-35000 35000 0.248396
-35000 36000 0.235893
-35000 37000 0.224001
-35000 38000 0.212703
-35000 39000 0.201977
-35000 40000 0.191802
-35000 41000 0.182157
-35000 42000 0.173021
-35000 43000 0.164370
-35000 44000 0.156183
-35000 45000 0.148439
-35000 46000 0.141115
-35000 47000 0.134191
-35000 48000 0.127646
-35000 49000 0.121461
-34000 -50000 0.119643
-34000 -49000 0.125811
-34000 -48000 0.132349
-34000 -47000 0.139276
-34000 -46000 0.146615
-34000 -45000 0.154390
-34000 -44000 0.162623
-34000 -43000 0.171340
-34000 -42000 0.180566
-34000 -41000 0.190325
-34000 -40000 0.200644
-34000 -39000 0.211548
-34000 -38000 0.223064
-34000 -37000 0.235217
-34000 -36000 0.248030
-34000 -35000 0.261528
-34000 -34000 0.275733
-34000 -33000 0.290664
-34000 -32000 0.306339
-34000 -31000 0.322773
-34000 -30000 0.339976
-34000 -29000 0.357954
-34000 -28000 0.376709
-34000 -27000 0.396234
-34000 -26000 0.416519
-34000 -25000 0.437542
-34000 -24000 0.459275
-34000 -23000 0.481678
-34000 -22000 0.504702
-34000 -21000 0.528283
-34000 -20000 0.552346
-34000 -19000 0.576802
-34000 -18000 0.601547
-34000 -17000 0.626463
-34000 -16000 0.651415
-34000 -15000 0.676255
-34000 -14000 0.700820
-34000 -13000 0.724933
-34000 -12000 0.748406
-34000 -11000 0.771043
-34000 -10000 0.792639
-34000 -9000 0.812988
-34000 -8000 0.831881
-34000 -7000 0.849118
-34000 -6000 0.864505
-34000 -5000 0.877862
-34000 -4000 0.889028
-34000 -3000 0.897865
-34000 -2000 0.904261
-34000 -1000 0.908132
-34000 0 0.909428
-34000 1000 0.908132
-34000 2000 0.904261
-34000 3000 0.897865
-34000 4000 0.889028
-34000 5000 0.877862
-34000 6000 0.864505
-34000 7000 0.849118
-34000 8000 0.831881
-34000 9000 0.812988
-34000 10000 0.792639
-34000 11000 0.771043
-34000 12000 0.748406
-34000 13000 0.724933
-34000 14000 0.700820
-34000 15000 0.676255
-34000 16000 0.651415
-34000 17000 0.626463
-34000 18000 0.601547
-34000 19000 0.576802
-34000 20000 0.552346
-34000 21000 0.528283
-34000 22000 0.504702
-34000 23000 0.481678
-34000 24000 0.459275
-34000 25000 0.437542
-34000 26000 0.416519
-34000 27000 0.396234
-34000 28000 0.376709
-34000 29000 0.357954
-34000 30000 0.339976
-34000 31000 0.322773
-34000 32000 0.306339
-34000 33000 0.290664
-34000 34000 0.275733
-34000 35000 0.261528
-34000 36000 0.248030
-34000 37000 0.235217
-34000 38000 0.223064
-34000 39000 0.211548
-34000 40000 0.200644
-34000 41000 0.190325
-34000 42000 0.180566
-34000 43000 0.171340
-34000 44000 0.162623
-34000 45000 0.154390
-34000 46000 0.146615
-34000 47000 0.139276
-34000 48000 0.132349
-34000 49000 0.125811
-33000 -50000 0.123764
-33000 -49000 0.130271
-33000 -48000 0.137177
-33000 -47000 0.144504
-33000 -46000 0.152279
-33000 -45000 0.160526
-33000 -44000 0.169274
-33000 -43000 0.178550
-33000 -42000 0.188382
-33000 -41000 0.198800
-33000 -40000 0.209835
-33000 -39000 0.221516
-33000 -38000 0.233873
-33000 -37000 0.246938
-33000 -36000 0.260739
-33000 -35000 0.275305
-33000 -34000 0.290664
-33000 -33000 0.306842
-33000 -32000 0.323861
-33000 -31000 0.341742
-33000 -30000 0.360501
-33000 -29000 0.380150
-33000 -28000 0.400696
-33000 -27000 0.422137
-33000 -26000 0.444466
-33000 -25000 0.467667
-33000 -24000 0.491712
-33000 -23000 0.516564
-33000 -22000 0.542173
-33000 -21000 0.568472
-33000 -20000 0.595383
-33000 -19000 0.622810
-33000 -18000 0.650638
-33000 -17000 0.678736
-33000 -16000 0.706954
-33000 -15000 0.735122
-33000 -14000 0.763053
-33000 -13000 0.790544
-33000 -12000 0.817374
-33000 -11000 0.843312
-33000 -10000 0.868116
-33000 -9000 0.891538
-33000 -8000 0.913331
-33000 -7000 0.933250
-33000 -6000 0.951062
-33000 -5000 0.966547
-33000 -4000 0.979508
-33000 -3000 0.989777
-33000 -2000 0.997213
-33000 -1000 1.001717
-33000 0 1.003226
-33000 1000 1.001717
-33000 2000 0.997213
-33000 3000 0.989777
-33000 4000 0.979508
-33000 5000 0.966547
-33000 6000 0.951062
-33000 7000 0.933250
-33000 8000 0.913331
-33000 9000 0.891538
-33000 10000 0.868116
-33000 11000 0.843312
-33000 12000 0.817374
-33000 13000 0.790544
-33000 14000 0.763053
-33000 15000 0.735122
-33000 16000 0.706954
-33000 17000 0.678736
-33000 18000 0.650638
-33000 19000 0.622810
-33000 20000 0.595383
-33000 21000 0.568472
-33000 22000 0.542173
-33000 23000 0.516564
-33000 24000 0.491712
-33000 25000 0.467667
-33000 26000 0.444466
-33000 27000 0.422137
-33000 28000 0.400696
-33000 29000 0.380150
-33000 30000 0.360501
-33000 31000 0.341742
-33000 32000 0.323861
-33000 33000 0.306842
-33000 34000 0.290664
-33000 35000 0.275305
-33000 36000 0.260739
-33000 37000 0.246938
-33000 38000 0.233873
-33000 39000 0.221516
-33000 40000 0.209835
-33000 41000 0.198800
-33000 42000 0.188382
-33000 43000 0.178550
-33000 44000 0.169274
