-100000 -100000 0.007728
-100000 -98000 0.007977
-100000 -96000 0.008233
-100000 -94000 0.008496
-100000 -92000 0.008764
-100000 -90000 0.009039
-100000 -88000 0.009319
-100000 -86000 0.009606
-100000 -84000 0.009899
-100000 -82000 0.010198
-100000 -80000 0.010502
-100000 -78000 0.010812
-100000 -76000 0.011128
-100000 -74000 0.011449
-100000 -72000 0.011776
-100000 -70000 0.012107
-100000 -68000 0.012443
-100000 -66000 0.012784
-100000 -64000 0.013129
-100000 -62000 0.013478
-100000 -60000 0.013830
-100000 -58000 0.014186
-100000 -56000 0.014544
-100000 -54000 0.014904
-100000 -52000 0.015265
-100000 -50000 0.015628
-100000 -48000 0.015990
-100000 -46000 0.016351
-100000 -44000 0.016711
-100000 -42000 0.017067
-100000 -40000 0.017420
-100000 -38000 0.017768
-100000 -36000 0.018110
-100000 -34000 0.018444
-100000 -32000 0.018770
-100000 -30000 0.019085
-100000 -28000 0.019389
-100000 -26000 0.019680
-100000 -24000 0.019957
-100000 -22000 0.020217
-100000 -20000 0.020461
-100000 -18000 0.020686
-100000 -16000 0.020891
-100000 -14000 0.021076
-100000 -12000 0.021238
-100000 -10000 0.021377
-100000 -8000 0.021492
-100000 -6000 0.021582
-100000 -4000 0.021647
-100000 -2000 0.021686
-100000 0 0.021699
-100000 2000 0.021686
-100000 4000 0.021647
-100000 6000 0.021582
-100000 8000 0.021492
-100000 10000 0.021377
-100000 12000 0.021238
-100000 14000 0.021076
-100000 16000 0.020891
-100000 18000 0.020686
-100000 20000 0.020461
-100000 22000 0.020217
-100000 24000 0.019957
-100000 26000 0.019680
-100000 28000 0.019389
-100000 30000 0.019085
-100000 32000 0.018770
-100000 34000 0.018444
-100000 36000 0.018110
-100000 38000 0.017768
-100000 40000 0.017420
-100000 42000 0.017067
-100000 44000 0.016711
-100000 46000 0.016351
-100000 48000 0.015990
-100000 50000 0.015628
-100000 52000 0.015265
-100000 54000 0.014904
-100000 56000 0.014544
-100000 58000 0.014186
-100000 60000 0.013830
-100000 62000 0.013478
-100000 64000 0.013129
-100000 66000 0.012784
-100000 68000 0.012443
-100000 70000 0.012107
-100000 72000 0.011776
-100000 74000 0.011449
-100000 76000 0.011128
-100000 78000 0.010812
-100000 80000 0.010502
-100000 82000 0.010198
-100000 84000 0.009899
-100000 86000 0.009606
-100000 88000 0.009319
-100000 90000 0.009039
-100000 92000 0.008764
-100000 94000 0.008496
-100000 96000 0.008233
-100000 98000 0.007977
-98000 -100000 0.007977
-98000 -98000 0.008239
-98000 -96000 0.008507
-98000 -94000 0.008782
-98000 -92000 0.009063
-98000 -90000 0.009352
-98000 -88000 0.009647
-98000 -86000 0.009948
-98000 -84000 0.010257
-98000 -82000 0.010572
-98000 -80000 0.010893
-98000 -78000 0.011221
-98000 -76000 0.011555
-98000 -74000 0.011895
-98000 -72000 0.012242
-98000 -70000 0.012594
-98000 -68000 0.012952
-98000 -66000 0.013315
-98000 -64000 0.013684
-98000 -62000 0.014057
-98000 -60000 0.014435
-98000 -58000 0.014817
-98000 -56000 0.015203
-98000 -54000 0.015591
-98000 -52000 0.015982
-98000 -50000 0.016375
-98000 -48000 0.016768
-98000 -46000 0.017161
-98000 -44000 0.017552
-98000 -42000 0.017942
-98000 -40000 0.018328
-98000 -38000 0.018710
-98000 -36000 0.019085
-98000 -34000 0.019453
-98000 -32000 0.019812
-98000 -30000 0.020160
-98000 -28000 0.020496
-98000 -26000 0.020819
-98000 -24000 0.021125
-98000 -22000 0.021415
-98000 -20000 0.021686
-98000 -18000 0.021937
-98000 -16000 0.022166
-98000 -14000 0.022371
-98000 -12000 0.022552
-98000 -10000 0.022708
-98000 -8000 0.022836
-98000 -6000 0.022937
-98000 -4000 0.023010
-98000 -2000 0.023053
-98000 0 0.023068
-98000 2000 0.023053
-98000 4000 0.023010
-98000 6000 0.022937
-98000 8000 0.022836
-98000 10000 0.022708
-98000 12000 0.022552
-98000 14000 0.022371
-98000 16000 0.022166
-98000 18000 0.021937
-98000 20000 0.021686
-98000 22000 0.021415
-98000 24000 0.021125
-98000 26000 0.020819
-98000 28000 0.020496
-98000 30000 0.020160
-98000 32000 0.019812
-98000 34000 0.019453
-98000 36000 0.019085
-98000 38000 0.018710
-98000 40000 0.018328
-98000 42000 0.017942
-98000 44000 0.017552
-98000 46000 0.017161
-98000 48000 0.016768
-98000 50000 0.016375
-98000 52000 0.015982
-98000 54000 0.015591
-98000 56000 0.015203
-98000 58000 0.014817
-98000 60000 0.014435
-98000 62000 0.014057
-98000 64000 0.013684
-98000 66000 0.013315
-98000 68000 0.012952
-98000 70000 0.012594
-98000 72000 0.012242
-98000 74000 0.011895
-98000 76000 0.011555
-98000 78000 0.011221
-98000 80000 0.010893
-98000 82000 0.010572
-98000 84000 0.010257
-98000 86000 0.009948
-98000 88000 0.009647
-98000 90000 0.009352
-98000 92000 0.009063
-98000 94000 0.008782
-98000 96000 0.008507
-98000 98000 0.008239
-96000 -100000 0.008233
-96000 -98000 0.008507
-96000 -96000 0.008788
-96000 -94000 0.009076
-96000 -92000 0.009371
-96000 -90000 0.009674
-96000 -88000 0.009984
-96000 -86000 0.010301
-96000 -84000 0.010626
-96000 -82000 0.010958
-96000 -80000 0.011298
-96000 -78000 0.011644
-96000 -76000 0.011998
-96000 -74000 0.012359
-96000 -72000 0.012727
-96000 -70000 0.013102
-96000 -68000 0.013483
-96000 -66000 0.013872
-96000 -64000 0.014266
-96000 -62000 0.014666
-96000 -60000 0.015072
-96000 -58000 0.015484
-96000 -56000 0.015900
-96000 -54000 0.016320
-96000 -52000 0.016743
-96000 -50000 0.017169
-96000 -48000 0.017597
-96000 -46000 0.018026
-96000 -44000 0.018454
-96000 -42000 0.018880
-96000 -40000 0.019304
-96000 -38000 0.019724
-96000 -36000 0.020137
-96000 -34000 0.020543
-96000 -32000 0.020940
-96000 -30000 0.021326
-96000 -28000 0.021699
-96000 -26000 0.022057
-96000 -24000 0.022399
-96000 -22000 0.022722
-96000 -20000 0.023024
-96000 -18000 0.023304
-96000 -16000 0.023560
-96000 -14000 0.023791
-96000 -12000 0.023994
-96000 -10000 0.024168
-96000 -8000 0.024312
-96000 -6000 0.024425
-96000 -4000 0.024507
-96000 -2000 0.024556
-96000 0 0.024573
-96000 2000 0.024556
-96000 4000 0.024507
-96000 6000 0.024425
-96000 8000 0.024312
-96000 10000 0.024168
-96000 12000 0.023994
-96000 14000 0.023791
-96000 16000 0.023560
-96000 18000 0.023304
-96000 20000 0.023024
-96000 22000 0.022722
-96000 24000 0.022399
-96000 26000 0.022057
-96000 28000 0.021699
-96000 30000 0.021326
-96000 32000 0.020940
-96000 34000 0.020543
-96000 36000 0.020137
-96000 38000 0.019724
-96000 40000 0.019304
-96000 42000 0.018880
-96000 44000 0.018454
-96000 46000 0.018026
-96000 48000 0.017597
-96000 50000 0.017169
-96000 52000 0.016743
-96000 54000 0.016320
-96000 56000 0.015900
-96000 58000 0.015484
-96000 60000 0.015072
-96000 62000 0.014666
-96000 64000 0.014266
-96000 66000 0.013872
-96000 68000 0.013483
-96000 70000 0.013102
-96000 72000 0.012727
-96000 74000 0.012359
-96000 76000 0.011998
-96000 78000 0.011644
-96000 80000 0.011298
-96000 82000 0.010958
-96000 84000 0.010626
-96000 86000 0.010301
-96000 88000 0.009984
-96000 90000 0.009674
-96000 92000 0.009371
-96000 94000 0.009076
-96000 96000 0.008788
-96000 98000 0.008507
-94000 -100000 0.008496
-94000 -98000 0.008782
-94000 -96000 0.009076
-94000 -94000 0.009378
-94000 -92000 0.009688
-94000 -90000 0.010005
-94000 -88000 0.010331
-94000 -86000 0.010665
-94000 -84000 0.011008
-94000 -82000 0.011358
-94000 -80000 0.011716
-94000 -78000 0.012083
-94000 -76000 0.012458
-94000 -74000 0.012841
-94000 -72000 0.013233
-94000 -70000 0.013632
-94000 -68000 0.014039
-94000 -66000 0.014454
-94000 -64000 0.014877
-94000 -62000 0.015307
-94000 -60000 0.015744
-94000 -58000 0.016188
-94000 -56000 0.016637
-94000 -54000 0.017093
-94000 -52000 0.017552
-94000 -50000 0.018016
-94000 -48000 0.018483
-94000 -46000 0.018952
-94000 -44000 0.019421
-94000 -42000 0.019889
-94000 -40000 0.020356
-94000 -38000 0.020818
-94000 -36000 0.021275
-94000 -34000 0.021725
-94000 -32000 0.022165
-94000 -30000 0.022594
-94000 -28000 0.023010
-94000 -26000 0.023409
-94000 -24000 0.023791
-94000 -22000 0.024152
-94000 -20000 0.024491
-94000 -18000 0.024805
-94000 -16000 0.025092
-94000 -14000 0.025351
-94000 -12000 0.025579
-94000 -10000 0.025775
-94000 -8000 0.025938
-94000 -6000 0.026066
-94000 -4000 0.026158
-94000 -2000 0.026213
-94000 0 0.026232
-94000 2000 0.026213
-94000 4000 0.026158
-94000 6000 0.026066
-94000 8000 0.025938
-94000 10000 0.025775
-94000 12000 0.025579
-94000 14000 0.025351
-94000 16000 0.025092
-94000 18000 0.024805
-94000 20000 0.024491
-94000 22000 0.024152
-94000 24000 0.023791
-94000 26000 0.023409
-94000 28000 0.023010
-94000 30000 0.022594
-94000 32000 0.022165
-94000 34000 0.021725
-94000 36000 0.021275
-94000 38000 0.020818
-94000 40000 0.020356
-94000 42000 0.019889
-94000 44000 0.019421
-94000 46000 0.018952
-94000 48000 0.018483
-94000 50000 0.018016
-94000 52000 0.017552
-94000 54000 0.017093
-94000 56000 0.016637
-94000 58000 0.016188
-94000 60000 0.015744
-94000 62000 0.015307
-94000 64000 0.014877
-94000 66000 0.014454
-94000 68000 0.014039
-94000 70000 0.013632
-94000 72000 0.013233
-94000 74000 0.012841
-94000 76000 0.012458
-94000 78000 0.012083
-94000 80000 0.011716
-94000 82000 0.011358
-94000 84000 0.011008
-94000 86000 0.010665
-94000 88000 0.010331
-94000 90000 0.010005
-94000 92000 0.009688
-94000 94000 0.009378
-94000 96000 0.009076
-94000 98000 0.008782
-92000 -100000 0.008764
-92000 -98000 0.009063
-92000 -96000 0.009371
-92000 -94000 0.009688
-92000 -92000 0.010013
-92000 -90000 0.010346
-92000 -88000 0.010689
-92000 -86000 0.011041
-92000 -84000 0.011401
-92000 -82000 0.011771
-92000 -80000 0.012150
-92000 -78000 0.012538
-92000 -76000 0.012936
-92000 -74000 0.013343
-92000 -72000 0.013760
-92000 -70000 0.014186
-92000 -68000 0.014621
-92000 -66000 0.015066
-92000 -64000 0.015519
-92000 -62000 0.015982
-92000 -60000 0.016453
-92000 -58000 0.016933
-92000 -56000 0.017420
-92000 -54000 0.017914
-92000 -52000 0.018415
-92000 -50000 0.018921
-92000 -48000 0.019431
-92000 -46000 0.019945
-92000 -44000 0.020461
-92000 -42000 0.020977
-92000 -40000 0.021492
-92000 -38000 0.022003
-92000 -36000 0.022510
-92000 -34000 0.023009
-92000 -32000 0.023499
-92000 -30000 0.023978
-92000 -28000 0.024441
-92000 -26000 0.024888
-92000 -24000 0.025316
-92000 -22000 0.025722
-92000 -20000 0.026102
-92000 -18000 0.026456
-92000 -16000 0.026780
-92000 -14000 0.027072
-92000 -12000 0.027329
-92000 -10000 0.027551
-92000 -8000 0.027735
-92000 -6000 0.027879
-92000 -4000 0.027983
-92000 -2000 0.028046
-92000 0 0.028067
-92000 2000 0.028046
-92000 4000 0.027983
-92000 6000 0.027879
-92000 8000 0.027735
-92000 10000 0.027551
-92000 12000 0.027329
-92000 14000 0.027072
-92000 16000 0.026780
-92000 18000 0.026456
-92000 20000 0.026102
-92000 22000 0.025722
-92000 24000 0.025316
-92000 26000 0.024888
-92000 28000 0.024441
-92000 30000 0.023978
-92000 32000 0.023499
-92000 34000 0.023009
-92000 36000 0.022510
-92000 38000 0.022003
-92000 40000 0.021492
-92000 42000 0.020977
-92000 44000 0.020461
-92000 46000 0.019945
-92000 48000 0.019431
-92000 50000 0.018921
-92000 52000 0.018415
-92000 54000 0.017914
-92000 56000 0.017420
-92000 58000 0.016933
-92000 60000 0.016453
-92000 62000 0.015982
-92000 64000 0.015519
-92000 66000 0.015066
-92000 68000 0.014621
-92000 70000 0.014186
-92000 72000 0.013760
-92000 74000 0.013343
-92000 76000 0.012936
-92000 78000 0.012538
-92000 80000 0.012150
-92000 82000 0.011771
-92000 84000 0.011401
-92000 86000 0.011041
-92000 88000 0.010689
-92000 90000 0.010346
-92000 92000 0.010013
-92000 94000 0.009688
-92000 96000 0.009371
-92000 98000 0.009063
-90000 -100000 0.009039
-90000 -98000 0.009352
-90000 -96000 0.009674
-90000 -94000 0.010005
-90000 -92000 0.010346
-90000 -90000 0.010697
-90000 -88000 0.011057
-90000 -86000 0.011427
-90000 -84000 0.011808
-90000 -82000 0.012198
-90000 -80000 0.012599
-90000 -78000 0.013010
-90000 -76000 0.013433
-90000 -74000 0.013866
-90000 -72000 0.014310
-90000 -70000 0.014765
-90000 -68000 0.015230
-90000 -66000 0.015708
-90000 -64000 0.016195
-90000 -62000 0.016694
-90000 -60000 0.017203
-90000 -58000 0.017723
-90000 -56000 0.018252
-90000 -54000 0.018790
-90000 -52000 0.019336
-90000 -50000 0.019889
-90000 -48000 0.020449
-90000 -46000 0.021014
-90000 -44000 0.021582
-90000 -42000 0.022152
-90000 -40000 0.022721
-90000 -38000 0.023289
-90000 -36000 0.023852
-90000 -34000 0.024409
-90000 -32000 0.024956
-90000 -30000 0.025491
-90000 -28000 0.026011
-90000 -26000 0.026512
-90000 -24000 0.026993
-90000 -22000 0.027450
-90000 -20000 0.027879
-90000 -18000 0.028278
-90000 -16000 0.028645
-90000 -14000 0.028975
-90000 -12000 0.029267
-90000 -10000 0.029518
-90000 -8000 0.029727
-90000 -6000 0.029891
-90000 -4000 0.030009
-90000 -2000 0.030081
-90000 0 0.030104
-90000 2000 0.030081
-90000 4000 0.030009
-90000 6000 0.029891
-90000 8000 0.029727
-90000 10000 0.029518
-90000 12000 0.029267
-90000 14000 0.028975
-90000 16000 0.028645
-90000 18000 0.028278
-90000 20000 0.027879
-90000 22000 0.027450
-90000 24000 0.026993
-90000 26000 0.026512
-90000 28000 0.026011
-90000 30000 0.025491
-90000 32000 0.024956
-90000 34000 0.024409
-90000 36000 0.023852
-90000 38000 0.023289
-90000 40000 0.022721
-90000 42000 0.022152
-90000 44000 0.021582
-90000 46000 0.021014
-90000 48000 0.020449
-90000 50000 0.019889
-90000 52000 0.019336
-90000 54000 0.018790
-90000 56000 0.018252
-90000 58000 0.017723
-90000 60000 0.017203
-90000 62000 0.016694
-90000 64000 0.016195
-90000 66000 0.015708
-90000 68000 0.015230
-90000 70000 0.014765
-90000 72000 0.014310
-90000 74000 0.013866
-90000 76000 0.013433
-90000 78000 0.013010
-90000 80000 0.012599
-90000 82000 0.012198
-90000 84000 0.011808
-90000 86000 0.011427
-90000 88000 0.011057
-90000 90000 0.010697
-90000 92000 0.010346
-90000 94000 0.010005
-90000 96000 0.009674
-90000 98000 0.009352
-88000 -100000 0.009319
-88000 -98000 0.009647
-88000 -96000 0.009984
-88000 -94000 0.010331
-88000 -92000 0.010689
-88000 -90000 0.011057
-88000 -88000 0.011436
-88000 -86000 0.011826
-88000 -84000 0.012227
-88000 -82000 0.012640
-88000 -80000 0.013064
-88000 -78000 0.013500
-88000 -76000 0.013949
-88000 -74000 0.014410
-88000 -72000 0.014884
-88000 -70000 0.015370
-88000 -68000 0.015870
-88000 -66000 0.016382
-88000 -64000 0.016908
-88000 -62000 0.017446
-88000 -60000 0.017998
-88000 -58000 0.018561
-88000 -56000 0.019137
-88000 -54000 0.019723
-88000 -52000 0.020321
-88000 -50000 0.020928
-88000 -48000 0.021543
-88000 -46000 0.022165
-88000 -44000 0.022793
-88000 -42000 0.023424
-88000 -40000 0.024056
-88000 -38000 0.024688
-88000 -36000 0.025316
-88000 -34000 0.025938
-88000 -32000 0.026550
-88000 -30000 0.027150
-88000 -28000 0.027734
-88000 -26000 0.028300
-88000 -24000 0.028842
-88000 -22000 0.029358
-88000 -20000 0.029844
-88000 -18000 0.030296
-88000 -16000 0.030712
-88000 -14000 0.031087
-88000 -12000 0.031419
-88000 -10000 0.031705
-88000 -8000 0.031943
-88000 -6000 0.032130
-88000 -4000 0.032264
-88000 -2000 0.032346
-88000 0 0.032373
-88000 2000 0.032346
-88000 4000 0.032264
-88000 6000 0.032130
-88000 8000 0.031943
-88000 10000 0.031705
-88000 12000 0.031419
-88000 14000 0.031087
-88000 16000 0.030712
-88000 18000 0.030296
-88000 20000 0.029844
-88000 22000 0.029358
-88000 24000 0.028842
-88000 26000 0.028300
-88000 28000 0.027734
-88000 30000 0.027150
-88000 32000 0.026550
-88000 34000 0.025938
-88000 36000 0.025316
-88000 38000 0.024688
-88000 40000 0.024056
-88000 42000 0.023424
-88000 44000 0.022793
-88000 46000 0.022165
-88000 48000 0.021543
-88000 50000 0.020928
-88000 52000 0.020321
-88000 54000 0.019723
-88000 56000 0.019137
-88000 58000 0.018561
-88000 60000 0.017998
-88000 62000 0.017446
-88000 64000 0.016908
-88000 66000 0.016382
-88000 68000 0.015870
-88000 70000 0.015370
-88000 72000 0.014884
-88000 74000 0.014410
-88000 76000 0.013949
-88000 78000 0.013500
-88000 80000 0.013064
-88000 82000 0.012640
-88000 84000 0.012227
-88000 86000 0.011826
-88000 88000 0.011436
-88000 90000 0.011057
-88000 92000 0.010689
-88000 94000 0.010331
-88000 96000 0.009984
-88000 98000 0.009647
-86000 -100000 0.009606
-86000 -98000 0.009948
-86000 -96000 0.010301
-86000 -94000 0.010665
-86000 -92000 0.011041
-86000 -90000 0.011427
-86000 -88000 0.011826
-86000 -86000 0.012237
-86000 -84000 0.012660
-86000 -82000 0.013096
-86000 -80000 0.013546
-86000 -78000 0.014009
-86000 -76000 0.014486
-86000 -74000 0.014978
-86000 -72000 0.015484
-86000 -70000 0.016005
-86000 -68000 0.016541
-86000 -66000 0.017093
-86000 -64000 0.017660
-86000 -62000 0.018242
-86000 -60000 0.018840
-86000 -58000 0.019453
-86000 -56000 0.020080
-86000 -54000 0.020722
-86000 -52000 0.021377
-86000 -50000 0.022043
-86000 -48000 0.022721
-86000 -46000 0.023409
-86000 -44000 0.024104
-86000 -42000 0.024804
-86000 -40000 0.025508
-86000 -38000 0.026213
-86000 -36000 0.026915
-86000 -34000 0.027612
-86000 -32000 0.028299
-86000 -30000 0.028975
-86000 -28000 0.029634
-86000 -26000 0.030272
-86000 -24000 0.030886
-86000 -22000 0.031470
-86000 -20000 0.032022
-86000 -18000 0.032537
-86000 -16000 0.033010
-86000 -14000 0.033437
-86000 -12000 0.033816
-86000 -10000 0.034143
-86000 -8000 0.034414
-86000 -6000 0.034628
-86000 -4000 0.034782
-86000 -2000 0.034875
-86000 0 0.034907
-86000 2000 0.034875
-86000 4000 0.034782
-86000 6000 0.034628
-86000 8000 0.034414
-86000 10000 0.034143
-86000 12000 0.033816
-86000 14000 0.033437
-86000 16000 0.033010
-86000 18000 0.032537
-86000 20000 0.032022
-86000 22000 0.031470
-86000 24000 0.030886
-86000 26000 0.030272
-86000 28000 0.029634
-86000 30000 0.028975
-86000 32000 0.028299
-86000 34000 0.027612
-86000 36000 0.026915
-86000 38000 0.026213
-86000 40000 0.025508
-86000 42000 0.024804
-86000 44000 0.024104
-86000 46000 0.023409
-86000 48000 0.022721
-86000 50000 0.022043
-86000 52000 0.021377
-86000 54000 0.020722
-86000 56000 0.020080
-86000 58000 0.019453
-86000 60000 0.018840
-86000 62000 0.018242
-86000 64000 0.017660
-86000 66000 0.017093
-86000 68000 0.016541
-86000 70000 0.016005
-86000 72000 0.015484
-86000 74000 0.014978
-86000 76000 0.014486
-86000 78000 0.014009
-86000 80000 0.013546
-86000 82000 0.013096
-86000 84000 0.012660
-86000 86000 0.012237
-86000 88000 0.011826
-86000 90000 0.011427
-86000 92000 0.011041
-86000 94000 0.010665
-86000 96000 0.010301
-86000 98000 0.009948
-84000 -100000 0.009899
-84000 -98000 0.010257
-84000 -96000 0.010626
-84000 -94000 0.011008
-84000 -92000 0.011401
-84000 -90000 0.011808
-84000 -88000 0.012227
-84000 -86000 0.012660
-84000 -84000 0.013107
-84000 -82000 0.013569
-84000 -80000 0.014045
-84000 -78000 0.014537
-84000 -76000 0.015045
-84000 -74000 0.015570
-84000 -72000 0.016111
-84000 -70000 0.016670
-84000 -68000 0.017246
-84000 -66000 0.017841
-84000 -64000 0.018454
-84000 -62000 0.019085
-84000 -60000 0.019734
-84000 -58000 0.020402
-84000 -56000 0.021088
-84000 -54000 0.021791
-84000 -52000 0.022510
-84000 -50000 0.023244
-84000 -48000 0.023993
-84000 -46000 0.024754
-84000 -44000 0.025526
-84000 -42000 0.026305
-84000 -40000 0.027091
-84000 -38000 0.027879
-84000 -36000 0.028666
-84000 -34000 0.029449
-84000 -32000 0.030224
-84000 -30000 0.030986
-84000 -28000 0.031731
-84000 -26000 0.032454
-84000 -24000 0.033151
-84000 -22000 0.033816
-84000 -20000 0.034444
-84000 -18000 0.035031
-84000 -16000 0.035572
-84000 -14000 0.036061
-84000 -12000 0.036495
-84000 -10000 0.036869
-84000 -8000 0.037180
-84000 -6000 0.037426
-84000 -4000 0.037603
-84000 -2000 0.037710
-84000 0 0.037745
-84000 2000 0.037710
-84000 4000 0.037603
-84000 6000 0.037426
-84000 8000 0.037180
-84000 10000 0.036869
-84000 12000 0.036495
-84000 14000 0.036061
-84000 16000 0.035572
-84000 18000 0.035031
-84000 20000 0.034444
-84000 22000 0.033816
-84000 24000 0.033151
-84000 26000 0.032454
-84000 28000 0.031731
-84000 30000 0.030986
-84000 32000 0.030224
-84000 34000 0.029449
-84000 36000 0.028666
-84000 38000 0.027879
-84000 40000 0.027091
-84000 42000 0.026305
-84000 44000 0.025526
-84000 46000 0.024754
-84000 48000 0.023993
-84000 50000 0.023244
-84000 52000 0.022510
-84000 54000 0.021791
-84000 56000 0.021088
-84000 58000 0.020402
-84000 60000 0.019734
-84000 62000 0.019085
-84000 64000 0.018454
-84000 66000 0.017841
-84000 68000 0.017246
-84000 70000 0.016670
-84000 72000 0.016111
-84000 74000 0.015570
-84000 76000 0.015045
-84000 78000 0.014537
-84000 80000 0.014045
-84000 82000 0.013569
-84000 84000 0.013107
-84000 86000 0.012660
-84000 88000 0.012227
-84000 90000 0.011808
-84000 92000 0.011401
-84000 94000 0.011008
-84000 96000 0.010626
-84000 98000 0.010257
-82000 -100000 0.010198
-82000 -98000 0.010572
-82000 -96000 0.010958
-82000 -94000 0.011358
-82000 -92000 0.011771
-82000 -90000 0.012198
-82000 -88000 0.012640
-82000 -86000 0.013096
-82000 -84000 0.013569
-82000 -82000 0.014057
-82000 -80000 0.014563
-82000 -78000 0.015086
-82000 -76000 0.015627
-82000 -74000 0.016188
-82000 -72000 0.016768
-82000 -70000 0.017368
-82000 -68000 0.017988
-82000 -66000 0.018630
-82000 -64000 0.019293
-82000 -62000 0.019979
-82000 -60000 0.020686
-82000 -58000 0.021415
-82000 -56000 0.022165
-82000 -54000 0.022937
-82000 -52000 0.023728
-82000 -50000 0.024539
-82000 -48000 0.025368
-82000 -46000 0.026212
-82000 -44000 0.027071
-82000 -42000 0.027941
-82000 -40000 0.028819
-82000 -38000 0.029703
-82000 -36000 0.030588
-82000 -34000 0.031470
-82000 -32000 0.032345
-82000 -30000 0.033208
-82000 -28000 0.034053
-82000 -26000 0.034875
-82000 -24000 0.035668
-82000 -22000 0.036427
-82000 -20000 0.037145
-82000 -18000 0.037817
-82000 -16000 0.038436
-82000 -14000 0.038997
-82000 -12000 0.039496
-82000 -10000 0.039926
-82000 -8000 0.040285
-82000 -6000 0.040567
-82000 -4000 0.040771
-82000 -2000 0.040895
-82000 0 0.040936
-82000 2000 0.040895
-82000 4000 0.040771
-82000 6000 0.040567
-82000 8000 0.040285
-82000 10000 0.039926
-82000 12000 0.039496
-82000 14000 0.038997
-82000 16000 0.038436
-82000 18000 0.037817
-82000 20000 0.037145
-82000 22000 0.036427
-82000 24000 0.035668
-82000 26000 0.034875
-82000 28000 0.034053
-82000 30000 0.033208
-82000 32000 0.032345
-82000 34000 0.031470
-82000 36000 0.030588
-82000 38000 0.029703
-82000 40000 0.028819
-82000 42000 0.027941
-82000 44000 0.027071
-82000 46000 0.026212
-82000 48000 0.025368
-82000 50000 0.024539
-82000 52000 0.023728
-82000 54000 0.022937
-82000 56000 0.022165
-82000 58000 0.021415
-82000 60000 0.020686
-82000 62000 0.019979
-82000 64000 0.019293
-82000 66000 0.018630
-82000 68000 0.017988
-82000 70000 0.017368
-82000 72000 0.016768
-82000 74000 0.016188
-82000 76000 0.015627
-82000 78000 0.015086
-82000 80000 0.014563
-82000 82000 0.014057
-82000 84000 0.013569
-82000 86000 0.013096
-82000 88000 0.012640
-82000 90000 0.012198
-82000 92000 0.011771
-82000 94000 0.011358
-82000 96000 0.010958
-82000 98000 0.010572
-80000 -100000 0.010502
-80000 -98000 0.010893
-80000 -96000 0.011298
-80000 -94000 0.011716
-80000 -92000 0.012150
-80000 -90000 0.012599
-80000 -88000 0.013064
-80000 -86000 0.013546
-80000 -84000 0.014045
-80000 -82000 0.014563
-80000 -80000 0.015100
-80000 -78000 0.015656
-80000 -76000 0.016234
-80000 -74000 0.016833
-80000 -72000 0.017455
-80000 -70000 0.018100
-80000 -68000 0.018769
-80000 -66000 0.019463
-80000 -64000 0.020183
-80000 -62000 0.020928
-80000 -60000 0.021699
-80000 -58000 0.022496
-80000 -56000 0.023319
-80000 -54000 0.024167
-80000 -52000 0.025040
-80000 -50000 0.025937
-80000 -48000 0.026856
-80000 -46000 0.027796
-80000 -44000 0.028753
-80000 -42000 0.029726
-80000 -40000 0.030711
-80000 -38000 0.031704
-80000 -36000 0.032702
-80000 -34000 0.033698
-80000 -32000 0.034689
-80000 -30000 0.035668
-80000 -28000 0.036629
-80000 -26000 0.037566
-80000 -24000 0.038472
-80000 -22000 0.039341
-80000 -20000 0.040164
-80000 -18000 0.040935
-80000 -16000 0.041647
-80000 -14000 0.042294
-80000 -12000 0.042869
-80000 -10000 0.043366
-80000 -8000 0.043780
-80000 -6000 0.044106
-80000 -4000 0.044342
-80000 -2000 0.044485
-80000 0 0.044533
-80000 2000 0.044485
-80000 4000 0.044342
-80000 6000 0.044106
-80000 8000 0.043780
-80000 10000 0.043366
-80000 12000 0.042869
-80000 14000 0.042294
-80000 16000 0.041647
-80000 18000 0.040935
-80000 20000 0.040164
-80000 22000 0.039341
-80000 24000 0.038472
-80000 26000 0.037566
-80000 28000 0.036629
-80000 30000 0.035668
-80000 32000 0.034689
-80000 34000 0.033698
-80000 36000 0.032702
-80000 38000 0.031704
-80000 40000 0.030711
-80000 42000 0.029726
-80000 44000 0.028753
-80000 46000 0.027796
-80000 48000 0.026856
-80000 50000 0.025937
-80000 52000 0.025040
-80000 54000 0.024167
-80000 56000 0.023319
-80000 58000 0.022496
-80000 60000 0.021699
-80000 62000 0.020928
-80000 64000 0.020183
-80000 66000 0.019463
-80000 68000 0.018769
-80000 70000 0.018100
-80000 72000 0.017455
-80000 74000 0.016833
-80000 76000 0.016234
-80000 78000 0.015656
-80000 80000 0.015100
-80000 82000 0.014563
-80000 84000 0.014045
-80000 86000 0.013546
-80000 88000 0.013064
-80000 90000 0.012599
-80000 92000 0.012150
-80000 94000 0.011716
-80000 96000 0.011298
-80000 98000 0.010893
-78000 -100000 0.010812
-78000 -98000 0.011221
-78000 -96000 0.011644
-78000 -94000 0.012083
-78000 -92000 0.012538
-78000 -90000 0.013010
-78000 -88000 0.013500
-78000 -86000 0.014009
-78000 -84000 0.014537
-78000 -82000 0.015086
-78000 -80000 0.015656
-78000 -78000 0.016250
-78000 -76000 0.016866
-78000 -74000 0.017508
-78000 -72000 0.018176
-78000 -70000 0.018870
-78000 -68000 0.019593
-78000 -66000 0.020344
-78000 -64000 0.021125
-78000 -62000 0.021936
-78000 -60000 0.022778
-78000 -58000 0.023651
-78000 -56000 0.024555
-78000 -54000 0.025490
-78000 -52000 0.026455
-78000 -50000 0.027449
-78000 -48000 0.028470
-78000 -46000 0.029518
-78000 -44000 0.030588
-78000 -42000 0.031678
-78000 -40000 0.032785
-78000 -38000 0.033904
-78000 -36000 0.035030
-78000 -34000 0.036159
-78000 -32000 0.037284
-78000 -30000 0.038398
-78000 -28000 0.039495
-78000 -26000 0.040566
-78000 -24000 0.041605
-78000 -22000 0.042601
-78000 -20000 0.043548
-78000 -18000 0.044437
-78000 -16000 0.045259
-78000 -14000 0.046006
-78000 -12000 0.046671
-78000 -10000 0.047246
-78000 -8000 0.047726
-78000 -6000 0.048105
-78000 -4000 0.048379
-78000 -2000 0.048545
-78000 0 0.048601
-78000 2000 0.048545
-78000 4000 0.048379
-78000 6000 0.048105
-78000 8000 0.047726
-78000 10000 0.047246
-78000 12000 0.046671
-78000 14000 0.046006
-78000 16000 0.045259
-78000 18000 0.044437
-78000 20000 0.043548
-78000 22000 0.042601
-78000 24000 0.041605
-78000 26000 0.040566
-78000 28000 0.039495
-78000 30000 0.038398
-78000 32000 0.037284
-78000 34000 0.036159
-78000 36000 0.035030
-78000 38000 0.033904
-78000 40000 0.032785
-78000 42000 0.031678
-78000 44000 0.030588
-78000 46000 0.029518
-78000 48000 0.028470
-78000 50000 0.027449
-78000 52000 0.026455
-78000 54000 0.025490
-78000 56000 0.024555
-78000 58000 0.023651
-78000 60000 0.022778
-78000 62000 0.021936
-78000 64000 0.021125
-78000 66000 0.020344
-78000 68000 0.019593
-78000 70000 0.018870
-78000 72000 0.018176
-78000 74000 0.017508
-78000 76000 0.016866
-78000 78000 0.016250
-78000 80000 0.015656
-78000 82000 0.015086
-78000 84000 0.014537
-78000 86000 0.014009
-78000 88000 0.013500
-78000 90000 0.013010
-78000 92000 0.012538
-78000 94000 0.012083
-78000 96000 0.011644
-78000 98000 0.011221
-76000 -100000 0.011128
-76000 -98000 0.011555
-76000 -96000 0.011998
-76000 -94000 0.012458
-76000 -92000 0.012936
-76000 -90000 0.013433
-76000 -88000 0.013949
-76000 -86000 0.014486
-76000 -84000 0.015045
-76000 -82000 0.015627
-76000 -80000 0.016234
-76000 -78000 0.016866
-76000 -76000 0.017526
-76000 -74000 0.018213
-76000 -72000 0.018931
-76000 -70000 0.019680
-76000 -68000 0.020461
-76000 -66000 0.021275
-76000 -64000 0.022124
-76000 -62000 0.023009
-76000 -60000 0.023930
-76000 -58000 0.024888
-76000 -56000 0.025883
-76000 -54000 0.026914
-76000 -52000 0.027982
-76000 -50000 0.029086
-76000 -48000 0.030223
-76000 -46000 0.031392
-76000 -44000 0.032591
-76000 -42000 0.033815
-76000 -40000 0.035062
-76000 -38000 0.036325
-76000 -36000 0.037601
-76000 -34000 0.038883
-76000 -32000 0.040163
-76000 -30000 0.041435
-76000 -28000 0.042689
-76000 -26000 0.043918
-76000 -24000 0.045111
-76000 -22000 0.046259
-76000 -20000 0.047351
-76000 -18000 0.048379
-76000 -16000 0.049330
-76000 -14000 0.050197
-76000 -12000 0.050969
-76000 -10000 0.051638
-76000 -8000 0.052197
-76000 -6000 0.052638
-76000 -4000 0.052958
-76000 -2000 0.053151
-76000 0 0.053216
-76000 2000 0.053151
-76000 4000 0.052958
-76000 6000 0.052638
-76000 8000 0.052197
-76000 10000 0.051638
-76000 12000 0.050969
-76000 14000 0.050197
-76000 16000 0.049330
-76000 18000 0.048379
-76000 20000 0.047351
-76000 22000 0.046259
-76000 24000 0.045111
-76000 26000 0.043918
-76000 28000 0.042689
-76000 30000 0.041435
-76000 32000 0.040163
-76000 34000 0.038883
-76000 36000 0.037601
-76000 38000 0.036325
-76000 40000 0.035062
-76000 42000 0.033815
-76000 44000 0.032591
-76000 46000 0.031392
-76000 48000 0.030223
-76000 50000 0.029086
-76000 52000 0.027982
-76000 54000 0.026914
-76000 56000 0.025883
-76000 58000 0.024888
-76000 60000 0.023930
-76000 62000 0.023009
-76000 64000 0.022124
-76000 66000 0.021275
-76000 68000 0.020461
-76000 70000 0.019680
-76000 72000 0.018931
-76000 74000 0.018213
-76000 76000 0.017526
-76000 78000 0.016866
-76000 80000 0.016234
-76000 82000 0.015627
-76000 84000 0.015045
-76000 86000 0.014486
-76000 88000 0.013949
-76000 90000 0.013433
-76000 92000 0.012936
-76000 94000 0.012458
-76000 96000 0.011998
-76000 98000 0.011555
-74000 -100000 0.011449
-74000 -98000 0.011895
-74000 -96000 0.012359
-74000 -94000 0.012841
-74000 -92000 0.013343
-74000 -90000 0.013866
-74000 -88000 0.014410
-74000 -86000 0.014978
-74000 -84000 0.015570
-74000 -82000 0.016188
-74000 -80000 0.016833
-74000 -78000 0.017508
-74000 -76000 0.018213
-74000 -74000 0.018951
-74000 -72000 0.019723
-74000 -70000 0.020531
-74000 -68000 0.021376
-74000 -66000 0.022261
-74000 -64000 0.023185
-74000 -62000 0.024151
-74000 -60000 0.025160
-74000 -58000 0.026212
-74000 -56000 0.027309
-74000 -54000 0.028449
-74000 -52000 0.029633
-74000 -50000 0.030860
-74000 -48000 0.032128
-74000 -46000 0.033436
-74000 -44000 0.034781
-74000 -42000 0.036159
-74000 -40000 0.037566
-74000 -38000 0.038996
-74000 -36000 0.040444
-74000 -34000 0.041903
-74000 -32000 0.043364
-74000 -30000 0.044819
-74000 -28000 0.046258
-74000 -26000 0.047671
-74000 -24000 0.049046
-74000 -22000 0.050373
-74000 -20000 0.051637
-74000 -18000 0.052829
-74000 -16000 0.053935
-74000 -14000 0.054943
-74000 -12000 0.055843
-74000 -10000 0.056624
-74000 -8000 0.057277
-74000 -6000 0.057793
-74000 -4000 0.058167
-74000 -2000 0.058393
-74000 0 0.058468
-74000 2000 0.058393
-74000 4000 0.058167
-74000 6000 0.057793
-74000 8000 0.057277
-74000 10000 0.056624
-74000 12000 0.055843
-74000 14000 0.054943
-74000 16000 0.053935
-74000 18000 0.052829
-74000 20000 0.051637
-74000 22000 0.050373
-74000 24000 0.049046
-74000 26000 0.047671
-74000 28000 0.046258
-74000 30000 0.044819
-74000 32000 0.043364
-74000 34000 0.041903
-74000 36000 0.040444
-74000 38000 0.038996
-74000 40000 0.037566
-74000 42000 0.036159
-74000 44000 0.034781
-74000 46000 0.033436
-74000 48000 0.032128
-74000 50000 0.030860
-74000 52000 0.029633
-74000 54000 0.028449
-74000 56000 0.027309
-74000 58000 0.026212
-74000 60000 0.025160
-74000 62000 0.024151
-74000 64000 0.023185
-74000 66000 0.022261
-74000 68000 0.021376
-74000 70000 0.020531
-74000 72000 0.019723
-74000 74000 0.018951
-74000 76000 0.018213
-74000 78000 0.017508
-74000 80000 0.016833
-74000 82000 0.016188
-74000 84000 0.015570
-74000 86000 0.014978
-74000 88000 0.014410
-74000 90000 0.013866
-74000 92000 0.013343
-74000 94000 0.012841
-74000 96000 0.012359
-74000 98000 0.011895
-72000 -100000 0.011776
-72000 -98000 0.012242
-72000 -96000 0.012727
-72000 -94000 0.013233
-72000 -92000 0.013760
-72000 -90000 0.014310
-72000 -88000 0.014884
-72000 -86000 0.015484
-72000 -84000 0.016111
-72000 -82000 0.016768
-72000 -80000 0.017455
-72000 -78000 0.018176
-72000 -76000 0.018931
-72000 -74000 0.019723
-72000 -72000 0.020555
-72000 -70000 0.021427
-72000 -68000 0.022343
-72000 -66000 0.023304
-72000 -64000 0.024311
-72000 -62000 0.025368
-72000 -60000 0.026474
-72000 -58000 0.027631
-72000 -56000 0.028841
-72000 -54000 0.030103
-72000 -52000 0.031418
-72000 -50000 0.032784
-72000 -48000 0.034201
-72000 -46000 0.035667
-72000 -44000 0.037178
-72000 -42000 0.038732
-72000 -40000 0.040323
-72000 -38000 0.041945
-72000 -36000 0.043593
-72000 -34000 0.045257
-72000 -32000 0.046929
-72000 -30000 0.048599
-72000 -28000 0.050254
-72000 -26000 0.051884
-72000 -24000 0.053474
-72000 -22000 0.055011
-72000 -20000 0.056480
-72000 -18000 0.057866
-72000 -16000 0.059156
-72000 -14000 0.060334
-72000 -12000 0.061387
-72000 -10000 0.062302
-72000 -8000 0.063067
-72000 -6000 0.063673
-72000 -4000 0.064112
-72000 -2000 0.064378
-72000 0 0.064467
-72000 2000 0.064378
-72000 4000 0.064112
-72000 6000 0.063673
-72000 8000 0.063067
-72000 10000 0.062302
-72000 12000 0.061387
-72000 14000 0.060334
-72000 16000 0.059156
-72000 18000 0.057866
-72000 20000 0.056480
-72000 22000 0.055011
-72000 24000 0.053474
-72000 26000 0.051884
-72000 28000 0.050254
-72000 30000 0.048599
-72000 32000 0.046929
-72000 34000 0.045257
-72000 36000 0.043593
-72000 38000 0.041945
-72000 40000 0.040323
-72000 42000 0.038732
-72000 44000 0.037178
-72000 46000 0.035667
-72000 48000 0.034201
-72000 50000 0.032784
-72000 52000 0.031418
-72000 54000 0.030103
-72000 56000 0.028841
-72000 58000 0.027631
-72000 60000 0.026474
-72000 62000 0.025368
-72000 64000 0.024311
-72000 66000 0.023304
-72000 68000 0.022343
-72000 70000 0.021427
-72000 72000 0.020555
-72000 74000 0.019723
-72000 76000 0.018931
-72000 78000 0.018176
-72000 80000 0.017455
-72000 82000 0.016768
-72000 84000 0.016111
-72000 86000 0.015484
-72000 88000 0.014884
-72000 90000 0.014310
-72000 92000 0.013760
-72000 94000 0.013233
-72000 96000 0.012727
-72000 98000 0.012242
-70000 -100000 0.012107
-70000 -98000 0.012594
-70000 -96000 0.013102
-70000 -94000 0.013632
-70000 -92000 0.014186
-70000 -90000 0.014765
-70000 -88000 0.015370
-70000 -86000 0.016005
-70000 -84000 0.016670
-70000 -82000 0.017368
-70000 -80000 0.018100
-70000 -78000 0.018870
-70000 -76000 0.019680
-70000 -74000 0.020531
-70000 -72000 0.021427
-70000 -70000 0.022371
-70000 -68000 0.023363
-70000 -66000 0.024408
-70000 -64000 0.025508
-70000 -62000 0.026664
-70000 -60000 0.027878
-70000 -58000 0.029153
-70000 -56000 0.030489
-70000 -54000 0.031888
-70000 -52000 0.033350
-70000 -50000 0.034874
-70000 -48000 0.036459
-70000 -46000 0.038104
-70000 -44000 0.039806
-70000 -42000 0.041561
-70000 -40000 0.043363
-70000 -38000 0.045208
-70000 -36000 0.047086
-70000 -34000 0.048989
-70000 -32000 0.050907
-70000 -30000 0.052827
-70000 -28000 0.054737
-70000 -26000 0.056622
-70000 -24000 0.058466
-70000 -22000 0.060253
-70000 -20000 0.061965
-70000 -18000 0.063585
-70000 -16000 0.065094
-70000 -14000 0.066475
-70000 -12000 0.067711
-70000 -10000 0.068787
-70000 -8000 0.069689
-70000 -6000 0.070403
-70000 -4000 0.070921
-70000 -2000 0.071234
-70000 0 0.071339
-70000 2000 0.071234
-70000 4000 0.070921
-70000 6000 0.070403
-70000 8000 0.069689
-70000 10000 0.068787
-70000 12000 0.067711
-70000 14000 0.066475
-70000 16000 0.065094
-70000 18000 0.063585
-70000 20000 0.061965
-70000 22000 0.060253
-70000 24000 0.058466
-70000 26000 0.056622
-70000 28000 0.054737
-70000 30000 0.052827
-70000 32000 0.050907
-70000 34000 0.048989
-70000 36000 0.047086
-70000 38000 0.045208
-70000 40000 0.043363
-70000 42000 0.041561
-70000 44000 0.039806
-70000 46000 0.038104
-70000 48000 0.036459
-70000 50000 0.034874
-70000 52000 0.033350
-70000 54000 0.031888
-70000 56000 0.030489
-70000 58000 0.029153
-70000 60000 0.027878
-70000 62000 0.026664
-70000 64000 0.025508
-70000 66000 0.024408
-70000 68000 0.023363
-70000 70000 0.022371
-70000 72000 0.021427
-70000 74000 0.020531
-70000 76000 0.019680
-70000 78000 0.018870
-70000 80000 0.018100
-70000 82000 0.017368
-70000 84000 0.016670
-70000 86000 0.016005
-70000 88000 0.015370
-70000 90000 0.014765
-70000 92000 0.014186
-70000 94000 0.013632
-70000 96000 0.013102
-70000 98000 0.012594
-68000 -100000 0.012443
-68000 -98000 0.012952
-68000 -96000 0.013483
-68000 -94000 0.014039
-68000 -92000 0.014621
-68000 -90000 0.015230
-68000 -88000 0.015870
-68000 -86000 0.016541
-68000 -84000 0.017246
-68000 -82000 0.017988
-68000 -80000 0.018769
-68000 -78000 0.019593
-68000 -76000 0.020461
-68000 -74000 0.021376
-68000 -72000 0.022343
-68000 -70000 0.023363
-68000 -68000 0.024441
-68000 -66000 0.025578
-68000 -64000 0.026779
-68000 -62000 0.028045
-68000 -60000 0.029380
-68000 -58000 0.030785
-68000 -56000 0.032263
-68000 -54000 0.033815
-68000 -52000 0.035442
-68000 -50000 0.037143
-68000 -48000 0.038920
-68000 -46000 0.040769
-68000 -44000 0.042688
-68000 -42000 0.044674
-68000 -40000 0.046720
-68000 -38000 0.048820
-68000 -36000 0.050966
-68000 -34000 0.053148
-68000 -32000 0.055353
-68000 -30000 0.057568
-68000 -28000 0.059777
-68000 -26000 0.061964
-68000 -24000 0.064109
-68000 -22000 0.066193
-68000 -20000 0.068195
-68000 -18000 0.070094
-68000 -16000 0.071866
-68000 -14000 0.073492
-68000 -12000 0.074949
-68000 -10000 0.076220
-68000 -8000 0.077285
-68000 -6000 0.078131
-68000 -4000 0.078744
-68000 -2000 0.079116
-68000 0 0.079240
-68000 2000 0.079116
-68000 4000 0.078744
-68000 6000 0.078131
-68000 8000 0.077285
-68000 10000 0.076220
-68000 12000 0.074949
-68000 14000 0.073492
-68000 16000 0.071866
-68000 18000 0.070094
-68000 20000 0.068195
-68000 22000 0.066193
-68000 24000 0.064109
-68000 26000 0.061964
-68000 28000 0.059777
-68000 30000 0.057568
-68000 32000 0.055353
-68000 34000 0.053148
-68000 36000 0.050966
-68000 38000 0.048820
-68000 40000 0.046720
-68000 42000 0.044674
-68000 44000 0.042688
-68000 46000 0.040769
-68000 48000 0.038920
-68000 50000 0.037143
-68000 52000 0.035442
-68000 54000 0.033815
-68000 56000 0.032263
-68000 58000 0.030785
-68000 60000 0.029380
-68000 62000 0.028045
-68000 64000 0.026779
-68000 66000 0.025578
-68000 68000 0.024441
-68000 70000 0.023363
-68000 72000 0.022343
-68000 74000 0.021376
-68000 76000 0.020461
-68000 78000 0.019593
-68000 80000 0.018769
-68000 82000 0.017988
-68000 84000 0.017246
-68000 86000 0.016541
-68000 88000 0.015870
-68000 90000 0.015230
-68000 92000 0.014621
-68000 94000 0.014039
-68000 96000 0.013483
-68000 98000 0.012952
-66000 -100000 0.012784
-66000 -98000 0.013315
-66000 -96000 0.013872
-66000 -94000 0.014454
-66000 -92000 0.015066
-66000 -90000 0.015708
-66000 -88000 0.016382
-66000 -86000 0.017093
-66000 -84000 0.017841
-66000 -82000 0.018630
-66000 -80000 0.019463
-66000 -78000 0.020344
-66000 -76000 0.021275
-66000 -74000 0.022261
-66000 -72000 0.023304
-66000 -70000 0.024408
-66000 -68000 0.025578
-66000 -66000 0.026817
-66000 -64000 0.028129
-66000 -62000 0.029517
-66000 -60000 0.030985
-66000 -58000 0.032535
-66000 -56000 0.034171
-66000 -54000 0.035895
-66000 -52000 0.037707
-66000 -50000 0.039610
-66000 -48000 0.041603
-66000 -46000 0.043684
-66000 -44000 0.045852
-66000 -42000 0.048102
-66000 -40000 0.050429
-66000 -38000 0.052826
-66000 -36000 0.055283
-66000 -34000 0.057789
-66000 -32000 0.060331
-66000 -30000 0.062892
-66000 -28000 0.065455
-66000 -26000 0.067999
-66000 -24000 0.070503
-66000 -22000 0.072942
-66000 -20000 0.075290
-66000 -18000 0.077523
-66000 -16000 0.079613
-66000 -14000 0.081534
-66000 -12000 0.083259
-66000 -10000 0.084765
-66000 -8000 0.086030
-66000 -6000 0.087035
-66000 -4000 0.087765
-66000 -2000 0.088207
-66000 0 0.088355
-66000 2000 0.088207
-66000 4000 0.087765
-66000 6000 0.087035
-66000 8000 0.086030
-66000 10000 0.084765
-66000 12000 0.083259
-66000 14000 0.081534
-66000 16000 0.079613
-66000 18000 0.077523
-66000 20000 0.075290
-66000 22000 0.072942
-66000 24000 0.070503
-66000 26000 0.067999
-66000 28000 0.065455
-66000 30000 0.062892
-66000 32000 0.060331
-66000 34000 0.057789
-66000 36000 0.055283
-66000 38000 0.052826
-66000 40000 0.050429
-66000 42000 0.048102
-66000 44000 0.045852
-66000 46000 0.043684
-66000 48000 0.041603
-66000 50000 0.039610
-66000 52000 0.037707
-66000 54000 0.035895
-66000 56000 0.034171
-66000 58000 0.032535
-66000 60000 0.030985
