-100000 -100000 0.007176
-100000 -98000 0.007415
-100000 -96000 0.007661
-100000 -94000 0.007913
-100000 -92000 0.008171
-100000 -90000 0.008436
-100000 -88000 0.008707
-100000 -86000 0.008984
-100000 -84000 0.009267
-100000 -82000 0.009556
-100000 -80000 0.009850
-100000 -78000 0.010150
-100000 -76000 0.010455
-100000 -74000 0.010765
-100000 -72000 0.011080
-100000 -70000 0.011399
-100000 -68000 0.011722
-100000 -66000 0.012049
-100000 -64000 0.012379
-100000 -62000 0.012713
-100000 -60000 0.013048
-100000 -58000 0.013386
-100000 -56000 0.013725
-100000 -54000 0.014066
-100000 -52000 0.014406
-100000 -50000 0.014747
-100000 -48000 0.015086
-100000 -46000 0.015423
-100000 -44000 0.015758
-100000 -42000 0.016089
-100000 -40000 0.016415
-100000 -38000 0.016736
-100000 -36000 0.017051
-100000 -34000 0.017358
-100000 -32000 0.017656
-100000 -30000 0.017944
-100000 -28000 0.018221
-100000 -26000 0.018485
-100000 -24000 0.018736
-100000 -22000 0.018972
-100000 -20000 0.019193
-100000 -18000 0.019396
-100000 -16000 0.019581
-100000 -14000 0.019747
-100000 -12000 0.019893
-100000 -10000 0.020018
-100000 -8000 0.020121
-100000 -6000 0.020202
-100000 -4000 0.020260
-100000 -2000 0.020296
-100000 0 0.020307
-100000 2000 0.020296
-100000 4000 0.020260
-100000 6000 0.020202
-100000 8000 0.020121
-100000 10000 0.020018
-100000 12000 0.019893
-100000 14000 0.019747
-100000 16000 0.019581
-100000 18000 0.019396
-100000 20000 0.019193
-100000 22000 0.018972
-100000 24000 0.018736
-100000 26000 0.018485
-100000 28000 0.018221
-100000 30000 0.017944
-100000 32000 0.017656
-100000 34000 0.017358
-100000 36000 0.017051
-100000 38000 0.016736
-100000 40000 0.016415
-100000 42000 0.016089
-100000 44000 0.015758
-100000 46000 0.015423
-100000 48000 0.015086
-100000 50000 0.014747
-100000 52000 0.014406
-100000 54000 0.014066
-100000 56000 0.013725
-100000 58000 0.013386
-100000 60000 0.013048
-100000 62000 0.012713
-100000 64000 0.012379
-100000 66000 0.012049
-100000 68000 0.011722
-100000 70000 0.011399
-100000 72000 0.011080
-100000 74000 0.010765
-100000 76000 0.010455
-100000 78000 0.010150
-100000 80000 0.009850
-100000 82000 0.009556
-100000 84000 0.009267
-100000 86000 0.008984
-100000 88000 0.008707
-100000 90000 0.008436
-100000 92000 0.008171
-100000 94000 0.007913
-100000 96000 0.007661
-100000 98000 0.007415
-98000 -100000 0.007415
-98000 -98000 0.007666
-98000 -96000 0.007923
-98000 -94000 0.008188
-98000 -92000 0.008460
-98000 -90000 0.008738
-98000 -88000 0.009023
-98000 -86000 0.009315
-98000 -84000 0.009613
-98000 -82000 0.009917
-98000 -80000 0.010228
-98000 -78000 0.010545
-98000 -76000 0.010867
-98000 -74000 0.011195
-98000 -72000 0.011528
-98000 -70000 0.011867
-98000 -68000 0.012210
-98000 -66000 0.012557
-98000 -64000 0.012909
-98000 -62000 0.013264
-98000 -60000 0.013623
-98000 -58000 0.013984
-98000 -56000 0.014348
-98000 -54000 0.014713
-98000 -52000 0.015079
-98000 -50000 0.015445
-98000 -48000 0.015811
-98000 -46000 0.016175
-98000 -44000 0.016538
-98000 -42000 0.016897
-98000 -40000 0.017251
-98000 -38000 0.017601
-98000 -36000 0.017944
-98000 -34000 0.018279
-98000 -32000 0.018605
-98000 -30000 0.018921
-98000 -28000 0.019225
-98000 -26000 0.019515
-98000 -24000 0.019792
-98000 -22000 0.020052
-98000 -20000 0.020296
-98000 -18000 0.020520
-98000 -16000 0.020725
-98000 -14000 0.020909
-98000 -12000 0.021071
-98000 -10000 0.021209
-98000 -8000 0.021324
-98000 -6000 0.021414
-98000 -4000 0.021479
-98000 -2000 0.021518
-98000 0 0.021531
-98000 2000 0.021518
-98000 4000 0.021479
-98000 6000 0.021414
-98000 8000 0.021324
-98000 10000 0.021209
-98000 12000 0.021071
-98000 14000 0.020909
-98000 16000 0.020725
-98000 18000 0.020520
-98000 20000 0.020296
-98000 22000 0.020052
-98000 24000 0.019792
-98000 26000 0.019515
-98000 28000 0.019225
-98000 30000 0.018921
-98000 32000 0.018605
-98000 34000 0.018279
-98000 36000 0.017944
-98000 38000 0.017601
-98000 40000 0.017251
-98000 42000 0.016897
-98000 44000 0.016538
-98000 46000 0.016175
-98000 48000 0.015811
-98000 50000 0.015445
-98000 52000 0.015079
-98000 54000 0.014713
-98000 56000 0.014348
-98000 58000 0.013984
-98000 60000 0.013623
-98000 62000 0.013264
-98000 64000 0.012909
-98000 66000 0.012557
-98000 68000 0.012210
-98000 70000 0.011867
-98000 72000 0.011528
-98000 74000 0.011195
-98000 76000 0.010867
-98000 78000 0.010545
-98000 80000 0.010228
-98000 82000 0.009917
-98000 84000 0.009613
-98000 86000 0.009315
-98000 88000 0.009023
-98000 90000 0.008738
-98000 92000 0.008460
-98000 94000 0.008188
-98000 96000 0.007923
-98000 98000 0.007666
-96000 -100000 0.007661
-96000 -98000 0.007923
-96000 -96000 0.008194
-96000 -94000 0.008472
-96000 -92000 0.008757
-96000 -90000 0.009049
-96000 -88000 0.009349
-96000 -86000 0.009656
-96000 -84000 0.009970
-96000 -82000 0.010291
-96000 -80000 0.010619
-96000 -78000 0.010953
-96000 -76000 0.011294
-96000 -74000 0.011641
-96000 -72000 0.011994
-96000 -70000 0.012353
-96000 -68000 0.012718
-96000 -66000 0.013088
-96000 -64000 0.013462
-96000 -62000 0.013842
-96000 -60000 0.014225
-96000 -58000 0.014612
-96000 -56000 0.015002
-96000 -54000 0.015394
-96000 -52000 0.015788
-96000 -50000 0.016183
-96000 -48000 0.016579
-96000 -46000 0.016973
-96000 -44000 0.017366
-96000 -42000 0.017757
-96000 -40000 0.018143
-96000 -38000 0.018525
-96000 -36000 0.018900
-96000 -34000 0.019267
-96000 -32000 0.019625
-96000 -30000 0.019972
-96000 -28000 0.020307
-96000 -26000 0.020628
-96000 -24000 0.020934
-96000 -22000 0.021222
-96000 -20000 0.021492
-96000 -18000 0.021741
-96000 -16000 0.021969
-96000 -14000 0.022173
-96000 -12000 0.022353
-96000 -10000 0.022508
-96000 -8000 0.022636
-96000 -6000 0.022736
-96000 -4000 0.022808
-96000 -2000 0.022852
-96000 0 0.022866
-96000 2000 0.022852
-96000 4000 0.022808
-96000 6000 0.022736
-96000 8000 0.022636
-96000 10000 0.022508
-96000 12000 0.022353
-96000 14000 0.022173
-96000 16000 0.021969
-96000 18000 0.021741
-96000 20000 0.021492
-96000 22000 0.021222
-96000 24000 0.020934
-96000 26000 0.020628
-96000 28000 0.020307
-96000 30000 0.019972
-96000 32000 0.019625
-96000 34000 0.019267
-96000 36000 0.018900
-96000 38000 0.018525
-96000 40000 0.018143
-96000 42000 0.017757
-96000 44000 0.017366
-96000 46000 0.016973
-96000 48000 0.016579
-96000 50000 0.016183
-96000 52000 0.015788
-96000 54000 0.015394
-96000 56000 0.015002
-96000 58000 0.014612
-96000 60000 0.014225
-96000 62000 0.013842
-96000 64000 0.013462
-96000 66000 0.013088
-96000 68000 0.012718
-96000 70000 0.012353
-96000 72000 0.011994
-96000 74000 0.011641
-96000 76000 0.011294
-96000 78000 0.010953
-96000 80000 0.010619
-96000 82000 0.010291
-96000 84000 0.009970
-96000 86000 0.009656
-96000 88000 0.009349
-96000 90000 0.009049
-96000 92000 0.008757
-96000 94000 0.008472
-96000 96000 0.008194
-96000 98000 0.007923
-94000 -100000 0.007913
-94000 -98000 0.008188
-94000 -96000 0.008472
-94000 -94000 0.008763
-94000 -92000 0.009062
-94000 -90000 0.009370
-94000 -88000 0.009685
-94000 -86000 0.010008
-94000 -84000 0.010339
-94000 -82000 0.010677
-94000 -80000 0.011023
-94000 -78000 0.011376
-94000 -76000 0.011736
-94000 -74000 0.012104
-94000 -72000 0.012478
-94000 -70000 0.012860
-94000 -68000 0.013247
-94000 -66000 0.013641
-94000 -64000 0.014041
-94000 -62000 0.014446
-94000 -60000 0.014856
-94000 -58000 0.015271
-94000 -56000 0.015690
-94000 -54000 0.016112
-94000 -52000 0.016538
-94000 -50000 0.016965
-94000 -48000 0.017393
-94000 -46000 0.017822
-94000 -44000 0.018250
-94000 -42000 0.018675
-94000 -40000 0.019098
-94000 -38000 0.019515
-94000 -36000 0.019927
-94000 -34000 0.020331
-94000 -32000 0.020725
-94000 -30000 0.021108
-94000 -28000 0.021479
-94000 -26000 0.021834
-94000 -24000 0.022173
-94000 -22000 0.022494
-94000 -20000 0.022794
-94000 -18000 0.023071
-94000 -16000 0.023325
-94000 -14000 0.023554
-94000 -12000 0.023755
-94000 -10000 0.023928
-94000 -8000 0.024071
-94000 -6000 0.024183
-94000 -4000 0.024264
-94000 -2000 0.024313
-94000 0 0.024329
-94000 2000 0.024313
-94000 4000 0.024264
-94000 6000 0.024183
-94000 8000 0.024071
-94000 10000 0.023928
-94000 12000 0.023755
-94000 14000 0.023554
-94000 16000 0.023325
-94000 18000 0.023071
-94000 20000 0.022794
-94000 22000 0.022494
-94000 24000 0.022173
-94000 26000 0.021834
-94000 28000 0.021479
-94000 30000 0.021108
-94000 32000 0.020725
-94000 34000 0.020331
-94000 36000 0.019927
-94000 38000 0.019515
-94000 40000 0.019098
-94000 42000 0.018675
-94000 44000 0.018250
-94000 46000 0.017822
-94000 48000 0.017393
-94000 50000 0.016965
-94000 52000 0.016538
-94000 54000 0.016112
-94000 56000 0.015690
-94000 58000 0.015271
-94000 60000 0.014856
-94000 62000 0.014446
-94000 64000 0.014041
-94000 66000 0.013641
-94000 68000 0.013247
-94000 70000 0.012860
-94000 72000 0.012478
-94000 74000 0.012104
-94000 76000 0.011736
-94000 78000 0.011376
-94000 80000 0.011023
-94000 82000 0.010677
-94000 84000 0.010339
-94000 86000 0.010008
-94000 88000 0.009685
-94000 90000 0.009370
-94000 92000 0.009062
-94000 94000 0.008763
-94000 96000 0.008472
-94000 98000 0.008188
-92000 -100000 0.008171
-92000 -98000 0.008460
-92000 -96000 0.008757
-92000 -94000 0.009062
-92000 -92000 0.009377
-92000 -90000 0.009699
-92000 -88000 0.010031
-92000 -86000 0.010371
-92000 -84000 0.010719
-92000 -82000 0.011075
-92000 -80000 0.011440
-92000 -78000 0.011813
-92000 -76000 0.012195
-92000 -74000 0.012584
-92000 -72000 0.012981
-92000 -70000 0.013386
-92000 -68000 0.013799
-92000 -66000 0.014218
-92000 -64000 0.014645
-92000 -62000 0.015079
-92000 -60000 0.015519
-92000 -58000 0.015964
-92000 -56000 0.016415
-92000 -54000 0.016871
-92000 -52000 0.017331
-92000 -50000 0.017794
-92000 -48000 0.018259
-92000 -46000 0.018726
-92000 -44000 0.019193
-92000 -42000 0.019658
-92000 -40000 0.020121
-92000 -38000 0.020580
-92000 -36000 0.021033
-92000 -34000 0.021479
-92000 -32000 0.021915
-92000 -30000 0.022339
-92000 -28000 0.022750
-92000 -26000 0.023146
-92000 -24000 0.023523
-92000 -22000 0.023880
-92000 -20000 0.024216
-92000 -18000 0.024527
-92000 -16000 0.024811
-92000 -14000 0.025067
-92000 -12000 0.025293
-92000 -10000 0.025487
-92000 -8000 0.025648
-92000 -6000 0.025774
-92000 -4000 0.025866
-92000 -2000 0.025920
-92000 0 0.025939
-92000 2000 0.025920
-92000 4000 0.025866
-92000 6000 0.025774
-92000 8000 0.025648
-92000 10000 0.025487
-92000 12000 0.025293
-92000 14000 0.025067
-92000 16000 0.024811
-92000 18000 0.024527
-92000 20000 0.024216
-92000 22000 0.023880
-92000 24000 0.023523
-92000 26000 0.023146
-92000 28000 0.022750
-92000 30000 0.022339
-92000 32000 0.021915
-92000 34000 0.021479
-92000 36000 0.021033
-92000 38000 0.020580
-92000 40000 0.020121
-92000 42000 0.019658
-92000 44000 0.019193
-92000 46000 0.018726
-92000 48000 0.018259
-92000 50000 0.017794
-92000 52000 0.017331
-92000 54000 0.016871
-92000 56000 0.016415
-92000 58000 0.015964
-92000 60000 0.015519
-92000 62000 0.015079
-92000 64000 0.014645
-92000 66000 0.014218
-92000 68000 0.013799
-92000 70000 0.013386
-92000 72000 0.012981
-92000 74000 0.012584
-92000 76000 0.012195
-92000 78000 0.011813
-92000 80000 0.011440
-92000 82000 0.011075
-92000 84000 0.010719
-92000 86000 0.010371
-92000 88000 0.010031
-92000 90000 0.009699
-92000 92000 0.009377
-92000 94000 0.009062
-92000 96000 0.008757
-92000 98000 0.008460
-90000 -100000 0.008436
-90000 -98000 0.008738
-90000 -96000 0.009049
-90000 -94000 0.009370
-90000 -92000 0.009699
-90000 -90000 0.010038
-90000 -88000 0.010387
-90000 -86000 0.010744
-90000 -84000 0.011111
-90000 -82000 0.011486
-90000 -80000 0.011872
-90000 -78000 0.012266
-90000 -76000 0.012669
-90000 -74000 0.013082
-90000 -72000 0.013504
-90000 -70000 0.013934
-90000 -68000 0.014374
-90000 -66000 0.014822
-90000 -64000 0.015278
-90000 -62000 0.015743
-90000 -60000 0.016215
-90000 -58000 0.016695
-90000 -56000 0.017181
-90000 -54000 0.017674
-90000 -52000 0.018172
-90000 -50000 0.018675
-90000 -48000 0.019182
-90000 -46000 0.019692
-90000 -44000 0.020202
-90000 -42000 0.020713
-90000 -40000 0.021222
-90000 -38000 0.021728
-90000 -36000 0.022228
-90000 -34000 0.022722
-90000 -32000 0.023205
-90000 -30000 0.023677
-90000 -28000 0.024135
-90000 -26000 0.024576
-90000 -24000 0.024998
-90000 -22000 0.025399
-90000 -20000 0.025774
-90000 -18000 0.026124
-90000 -16000 0.026444
-90000 -14000 0.026732
-90000 -12000 0.026987
-90000 -10000 0.027206
-90000 -8000 0.027387
-90000 -6000 0.027530
-90000 -4000 0.027633
-90000 -2000 0.027695
-90000 0 0.027716
-90000 2000 0.027695
-90000 4000 0.027633
-90000 6000 0.027530
-90000 8000 0.027387
-90000 10000 0.027206
-90000 12000 0.026987
-90000 14000 0.026732
-90000 16000 0.026444
-90000 18000 0.026124
-90000 20000 0.025774
-90000 22000 0.025399
-90000 24000 0.024998
-90000 26000 0.024576
-90000 28000 0.024135
-90000 30000 0.023677
-90000 32000 0.023205
-90000 34000 0.022722
-90000 36000 0.022228
-90000 38000 0.021728
-90000 40000 0.021222
-90000 42000 0.020713
-90000 44000 0.020202
-90000 46000 0.019692
-90000 48000 0.019182
-90000 50000 0.018675
-90000 52000 0.018172
-90000 54000 0.017674
-90000 56000 0.017181
-90000 58000 0.016695
-90000 60000 0.016215
-90000 62000 0.015743
-90000 64000 0.015278
-90000 66000 0.014822
-90000 68000 0.014374
-90000 70000 0.013934
-90000 72000 0.013504
-90000 74000 0.013082
-90000 76000 0.012669
-90000 78000 0.012266
-90000 80000 0.011872
-90000 82000 0.011486
-90000 84000 0.011111
-90000 86000 0.010744
-90000 88000 0.010387
-90000 90000 0.010038
-90000 92000 0.009699
-90000 94000 0.009370
-90000 96000 0.009049
-90000 98000 0.008738
-88000 -100000 0.008707
-88000 -98000 0.009023
-88000 -96000 0.009349
-88000 -94000 0.009685
-88000 -92000 0.010031
-88000 -90000 0.010387
-88000 -88000 0.010752
-88000 -86000 0.011128
-88000 -84000 0.011514
-88000 -82000 0.011911
-88000 -80000 0.012317
-88000 -78000 0.012734
-88000 -76000 0.013161
-88000 -74000 0.013599
-88000 -72000 0.014047
-88000 -70000 0.014505
-88000 -68000 0.014974
-88000 -66000 0.015452
-88000 -64000 0.015941
-88000 -62000 0.016440
-88000 -60000 0.016948
-88000 -58000 0.017465
-88000 -56000 0.017991
-88000 -54000 0.018525
-88000 -52000 0.019066
-88000 -50000 0.019614
-88000 -48000 0.020167
-88000 -46000 0.020725
-88000 -44000 0.021286
-88000 -42000 0.021848
-88000 -40000 0.022409
-88000 -38000 0.022968
-88000 -36000 0.023523
-88000 -34000 0.024071
-88000 -32000 0.024610
-88000 -30000 0.025136
-88000 -28000 0.025648
-88000 -26000 0.026142
-88000 -24000 0.026616
-88000 -22000 0.027066
-88000 -20000 0.027489
-88000 -18000 0.027883
-88000 -16000 0.028244
-88000 -14000 0.028570
-88000 -12000 0.028858
-88000 -10000 0.029106
-88000 -8000 0.029312
-88000 -6000 0.029474
-88000 -4000 0.029591
-88000 -2000 0.029662
-88000 0 0.029685
-88000 2000 0.029662
-88000 4000 0.029591
-88000 6000 0.029474
-88000 8000 0.029312
-88000 10000 0.029106
-88000 12000 0.028858
-88000 14000 0.028570
-88000 16000 0.028244
-88000 18000 0.027883
-88000 20000 0.027489
-88000 22000 0.027066
-88000 24000 0.026616
-88000 26000 0.026142
-88000 28000 0.025648
-88000 30000 0.025136
-88000 32000 0.024610
-88000 34000 0.024071
-88000 36000 0.023523
-88000 38000 0.022968
-88000 40000 0.022409
-88000 42000 0.021848
-88000 44000 0.021286
-88000 46000 0.020725
-88000 48000 0.020167
-88000 50000 0.019614
-88000 52000 0.019066
-88000 54000 0.018525
-88000 56000 0.017991
-88000 58000 0.017465
-88000 60000 0.016948
-88000 62000 0.016440
-88000 64000 0.015941
-88000 66000 0.015452
-88000 68000 0.014974
-88000 70000 0.014505
-88000 72000 0.014047
-88000 74000 0.013599
-88000 76000 0.013161
-88000 78000 0.012734
-88000 80000 0.012317
-88000 82000 0.011911
-88000 84000 0.011514
-88000 86000 0.011128
-88000 88000 0.010752
-88000 90000 0.010387
-88000 92000 0.010031
-88000 94000 0.009685
-88000 96000 0.009349
-88000 98000 0.009023
-86000 -100000 0.008984
-86000 -98000 0.009315
-86000 -96000 0.009656
-86000 -94000 0.010008
-86000 -92000 0.010371
-86000 -90000 0.010744
-86000 -88000 0.011128
-86000 -86000 0.011524
-86000 -84000 0.011930
-86000 -82000 0.012348
-86000 -80000 0.012778
-86000 -78000 0.013218
-86000 -76000 0.013671
-86000 -74000 0.014135
-86000 -72000 0.014612
-86000 -70000 0.015100
-86000 -68000 0.015600
-86000 -66000 0.016112
-86000 -64000 0.016636
-86000 -62000 0.017172
-86000 -60000 0.017720
-86000 -58000 0.018279
-86000 -56000 0.018848
-86000 -54000 0.019428
-86000 -52000 0.020018
-86000 -50000 0.020616
-86000 -48000 0.021222
-86000 -46000 0.021834
-86000 -44000 0.022451
-86000 -42000 0.023071
-86000 -40000 0.023693
-86000 -38000 0.024313
-86000 -36000 0.024930
-86000 -34000 0.025541
-86000 -32000 0.026142
-86000 -30000 0.026732
-86000 -28000 0.027306
-86000 -26000 0.027862
-86000 -24000 0.028395
-86000 -22000 0.028903
-86000 -20000 0.029382
-86000 -18000 0.029827
-86000 -16000 0.030237
-86000 -14000 0.030607
-86000 -12000 0.030934
-86000 -10000 0.031216
-86000 -8000 0.031451
-86000 -6000 0.031635
-86000 -4000 0.031768
-86000 -2000 0.031849
-86000 0 0.031876
-86000 2000 0.031849
-86000 4000 0.031768
-86000 6000 0.031635
-86000 8000 0.031451
-86000 10000 0.031216
-86000 12000 0.030934
-86000 14000 0.030607
-86000 16000 0.030237
-86000 18000 0.029827
-86000 20000 0.029382
-86000 22000 0.028903
-86000 24000 0.028395
-86000 26000 0.027862
-86000 28000 0.027306
-86000 30000 0.026732
-86000 32000 0.026142
-86000 34000 0.025541
-86000 36000 0.024930
-86000 38000 0.024313
-86000 40000 0.023693
-86000 42000 0.023071
-86000 44000 0.022451
-86000 46000 0.021834
-86000 48000 0.021222
-86000 50000 0.020616
-86000 52000 0.020018
-86000 54000 0.019428
-86000 56000 0.018848
-86000 58000 0.018279
-86000 60000 0.017720
-86000 62000 0.017172
-86000 64000 0.016636
-86000 66000 0.016112
-86000 68000 0.015600
-86000 70000 0.015100
-86000 72000 0.014612
-86000 74000 0.014135
-86000 76000 0.013671
-86000 78000 0.013218
-86000 80000 0.012778
-86000 82000 0.012348
-86000 84000 0.011930
-86000 86000 0.011524
-86000 88000 0.011128
-86000 90000 0.010744
-86000 92000 0.010371
-86000 94000 0.010008
-86000 96000 0.009656
-86000 98000 0.009315
-84000 -100000 0.009267
-84000 -98000 0.009613
-84000 -96000 0.009970
-84000 -94000 0.010339
-84000 -92000 0.010719
-84000 -90000 0.011111
-84000 -88000 0.011514
-84000 -86000 0.011930
-84000 -84000 0.012359
-84000 -82000 0.012799
-84000 -80000 0.013253
-84000 -78000 0.013719
-84000 -76000 0.014199
-84000 -74000 0.014692
-84000 -72000 0.015199
-84000 -70000 0.015720
-84000 -68000 0.016255
-84000 -66000 0.016803
-84000 -64000 0.017366
-84000 -62000 0.017944
-84000 -60000 0.018535
-84000 -58000 0.019140
-84000 -56000 0.019758
-84000 -54000 0.020390
-84000 -52000 0.021033
-84000 -50000 0.021688
-84000 -48000 0.022353
-84000 -46000 0.023027
-84000 -44000 0.023708
-84000 -42000 0.024395
-84000 -40000 0.025084
-84000 -38000 0.025774
-84000 -36000 0.026463
-84000 -34000 0.027146
-84000 -32000 0.027820
-84000 -30000 0.028482
-84000 -28000 0.029129
-84000 -26000 0.029756
-84000 -24000 0.030359
-84000 -22000 0.030934
-84000 -20000 0.031477
-84000 -18000 0.031983
-84000 -16000 0.032449
-84000 -14000 0.032871
-84000 -12000 0.033244
-84000 -10000 0.033567
-84000 -8000 0.033834
-84000 -6000 0.034045
-84000 -4000 0.034198
-84000 -2000 0.034290
-84000 0 0.034320
-84000 2000 0.034290
-84000 4000 0.034198
-84000 6000 0.034045
-84000 8000 0.033834
-84000 10000 0.033567
-84000 12000 0.033244
-84000 14000 0.032871
-84000 16000 0.032449
-84000 18000 0.031983
-84000 20000 0.031477
-84000 22000 0.030934
-84000 24000 0.030359
-84000 26000 0.029756
-84000 28000 0.029129
-84000 30000 0.028482
-84000 32000 0.027820
-84000 34000 0.027146
-84000 36000 0.026463
-84000 38000 0.025774
-84000 40000 0.025084
-84000 42000 0.024395
-84000 44000 0.023708
-84000 46000 0.023027
-84000 48000 0.022353
-84000 50000 0.021688
-84000 52000 0.021033
-84000 54000 0.020390
-84000 56000 0.019758
-84000 58000 0.019140
-84000 60000 0.018535
-84000 62000 0.017944
-84000 64000 0.017366
-84000 66000 0.016803
-84000 68000 0.016255
-84000 70000 0.015720
-84000 72000 0.015199
-84000 74000 0.014692
-84000 76000 0.014199
-84000 78000 0.013719
-84000 80000 0.013253
-84000 82000 0.012799
-84000 84000 0.012359
-84000 86000 0.011930
-84000 88000 0.011514
-84000 90000 0.011111
-84000 92000 0.010719
-84000 94000 0.010339
-84000 96000 0.009970
-84000 98000 0.009613
-82000 -100000 0.009556
-82000 -98000 0.009917
-82000 -96000 0.010291
-82000 -94000 0.010677
-82000 -92000 0.011075
-82000 -90000 0.011486
-82000 -88000 0.011911
-82000 -86000 0.012348
-82000 -84000 0.012799
-82000 -82000 0.013264
-82000 -80000 0.013744
-82000 -78000 0.014238
-82000 -76000 0.014747
-82000 -74000 0.015271
-82000 -72000 0.015811
-82000 -70000 0.016367
-82000 -68000 0.016939
-82000 -66000 0.017528
-82000 -64000 0.018134
-82000 -62000 0.018756
-82000 -60000 0.019396
-82000 -58000 0.020052
-82000 -56000 0.020725
-82000 -54000 0.021414
-82000 -52000 0.022118
-82000 -50000 0.022837
-82000 -48000 0.023569
-82000 -46000 0.024313
-82000 -44000 0.025067
-82000 -42000 0.025829
-82000 -40000 0.026597
-82000 -38000 0.027367
-82000 -36000 0.028137
-82000 -34000 0.028903
-82000 -32000 0.029662
-82000 -30000 0.030408
-82000 -28000 0.031139
-82000 -26000 0.031849
-82000 -24000 0.032533
-82000 -22000 0.033186
-82000 -20000 0.033804
-82000 -18000 0.034382
-82000 -16000 0.034914
-82000 -14000 0.035396
-82000 -12000 0.035824
-82000 -10000 0.036193
-82000 -8000 0.036500
-82000 -6000 0.036743
-82000 -4000 0.036918
-82000 -2000 0.037023
-82000 0 0.037059
-82000 2000 0.037023
-82000 4000 0.036918
-82000 6000 0.036743
-82000 8000 0.036500
-82000 10000 0.036193
-82000 12000 0.035824
-82000 14000 0.035396
-82000 16000 0.034914
-82000 18000 0.034382
-82000 20000 0.033804
-82000 22000 0.033186
-82000 24000 0.032533
-82000 26000 0.031849
-82000 28000 0.031139
-82000 30000 0.030408
-82000 32000 0.029662
-82000 34000 0.028903
-82000 36000 0.028137
-82000 38000 0.027367
-82000 40000 0.026597
-82000 42000 0.025829
-82000 44000 0.025067
-82000 46000 0.024313
-82000 48000 0.023569
-82000 50000 0.022837
-82000 52000 0.022118
-82000 54000 0.021414
-82000 56000 0.020725
-82000 58000 0.020052
-82000 60000 0.019396
-82000 62000 0.018756
-82000 64000 0.018134
-82000 66000 0.017528
-82000 68000 0.016939
-82000 70000 0.016367
-82000 72000 0.015811
-82000 74000 0.015271
-82000 76000 0.014747
-82000 78000 0.014238
-82000 80000 0.013744
-82000 82000 0.013264
-82000 84000 0.012799
-82000 86000 0.012348
-82000 88000 0.011911
-82000 90000 0.011486
-82000 92000 0.011075
-82000 94000 0.010677
-82000 96000 0.010291
-82000 98000 0.009917
-80000 -100000 0.009850
-80000 -98000 0.010228
-80000 -96000 0.010619
-80000 -94000 0.011023
-80000 -92000 0.011440
-80000 -90000 0.011872
-80000 -88000 0.012317
-80000 -86000 0.012778
-80000 -84000 0.013253
-80000 -82000 0.013744
-80000 -80000 0.014251
-80000 -78000 0.014774
-80000 -76000 0.015314
-80000 -74000 0.015872
-80000 -72000 0.016448
-80000 -70000 0.017042
-80000 -68000 0.017656
-80000 -66000 0.018288
-80000 -64000 0.018941
-80000 -62000 0.019614
-80000 -60000 0.020307
-80000 -58000 0.021021
-80000 -56000 0.021754
-80000 -54000 0.022508
-80000 -52000 0.023280
-80000 -50000 0.024071
-80000 -48000 0.024879
-80000 -46000 0.025702
-80000 -44000 0.026539
-80000 -42000 0.027387
-80000 -40000 0.028244
-80000 -38000 0.029106
-80000 -36000 0.029971
-80000 -34000 0.030833
-80000 -32000 0.031688
-80000 -30000 0.032533
-80000 -28000 0.033361
-80000 -26000 0.034167
-80000 -24000 0.034946
-80000 -22000 0.035691
-80000 -20000 0.036398
-80000 -18000 0.037059
-80000 -16000 0.037669
-80000 -14000 0.038222
-80000 -12000 0.038713
-80000 -10000 0.039138
-80000 -8000 0.039492
-80000 -6000 0.039771
-80000 -4000 0.039973
-80000 -2000 0.040095
-80000 0 0.040136
-80000 2000 0.040095
-80000 4000 0.039973
-80000 6000 0.039771
-80000 8000 0.039492
-80000 10000 0.039138
-80000 12000 0.038713
-80000 14000 0.038222
-80000 16000 0.037669
-80000 18000 0.037059
-80000 20000 0.036398
-80000 22000 0.035691
-80000 24000 0.034946
-80000 26000 0.034167
-80000 28000 0.033361
-80000 30000 0.032533
-80000 32000 0.031688
-80000 34000 0.030833
-80000 36000 0.029971
-80000 38000 0.029106
-80000 40000 0.028244
-80000 42000 0.027387
-80000 44000 0.026539
-80000 46000 0.025702
-80000 48000 0.024879
-80000 50000 0.024071
-80000 52000 0.023280
-80000 54000 0.022508
-80000 56000 0.021754
-80000 58000 0.021021
-80000 60000 0.020307
-80000 62000 0.019614
-80000 64000 0.018941
-80000 66000 0.018288
-80000 68000 0.017656
-80000 70000 0.017042
-80000 72000 0.016448
-80000 74000 0.015872
-80000 76000 0.015314
-80000 78000 0.014774
-80000 80000 0.014251
-80000 82000 0.013744
-80000 84000 0.013253
-80000 86000 0.012778
-80000 88000 0.012317
-80000 90000 0.011872
-80000 92000 0.011440
-80000 94000 0.011023
-80000 96000 0.010619
-80000 98000 0.010228
-78000 -100000 0.010150
-78000 -98000 0.010545
-78000 -96000 0.010953
-78000 -94000 0.011376
-78000 -92000 0.011813
-78000 -90000 0.012266
-78000 -88000 0.012734
-78000 -86000 0.013218
-78000 -84000 0.013719
-78000 -82000 0.014238
-78000 -80000 0.014774
-78000 -78000 0.015329
-78000 -76000 0.015903
-78000 -74000 0.016497
-78000 -72000 0.017111
-78000 -70000 0.017748
-78000 -68000 0.018406
-78000 -66000 0.019087
-78000 -64000 0.019792
-78000 -62000 0.020520
-78000 -60000 0.021273
-78000 -58000 0.022050
-78000 -56000 0.022852
-78000 -54000 0.023677
-78000 -52000 0.024527
-78000 -50000 0.025399
-78000 -48000 0.026292
-78000 -46000 0.027206
-78000 -44000 0.028137
-78000 -42000 0.029084
-78000 -40000 0.030043
-78000 -38000 0.031011
-78000 -36000 0.031983
-78000 -34000 0.032956
-78000 -32000 0.033925
-78000 -30000 0.034882
-78000 -28000 0.035824
-78000 -26000 0.036743
-78000 -24000 0.037632
-78000 -22000 0.038485
-78000 -20000 0.039295
-78000 -18000 0.040054
-78000 -16000 0.040756
-78000 -14000 0.041393
-78000 -12000 0.041961
-78000 -10000 0.042451
-78000 -8000 0.042860
-78000 -6000 0.043183
-78000 -4000 0.043417
-78000 -2000 0.043558
-78000 0 0.043605
-78000 2000 0.043558
-78000 4000 0.043417
-78000 6000 0.043183
-78000 8000 0.042860
-78000 10000 0.042451
-78000 12000 0.041961
-78000 14000 0.041393
-78000 16000 0.040756
-78000 18000 0.040054
-78000 20000 0.039295
-78000 22000 0.038485
-78000 24000 0.037632
-78000 26000 0.036743
-78000 28000 0.035824
-78000 30000 0.034882
-78000 32000 0.033925
-78000 34000 0.032956
-78000 36000 0.031983
-78000 38000 0.031011
-78000 40000 0.030043
-78000 42000 0.029084
-78000 44000 0.028137
-78000 46000 0.027206
-78000 48000 0.026292
-78000 50000 0.025399
-78000 52000 0.024527
-78000 54000 0.023677
-78000 56000 0.022852
-78000 58000 0.022050
-78000 60000 0.021273
-78000 62000 0.020520
-78000 64000 0.019792
-78000 66000 0.019087
-78000 68000 0.018406
-78000 70000 0.017748
-78000 72000 0.017111
-78000 74000 0.016497
-78000 76000 0.015903
-78000 78000 0.015329
-78000 80000 0.014774
-78000 82000 0.014238
-78000 84000 0.013719
-78000 86000 0.013218
-78000 88000 0.012734
-78000 90000 0.012266
-78000 92000 0.011813
-78000 94000 0.011376
-78000 96000 0.010953
-78000 98000 0.010545
-76000 -100000 0.010455
-76000 -98000 0.010867
-76000 -96000 0.011294
-76000 -94000 0.011736
-76000 -92000 0.012195
-76000 -90000 0.012669
-76000 -88000 0.013161
-76000 -86000 0.013671
-76000 -84000 0.014199
-76000 -82000 0.014747
-76000 -80000 0.015314
-76000 -78000 0.015903
-76000 -76000 0.016513
-76000 -74000 0.017146
-76000 -72000 0.017803
-76000 -70000 0.018485
-76000 -68000 0.019193
-76000 -66000 0.019927
-76000 -64000 0.020689
-76000 -62000 0.021479
-76000 -60000 0.022298
-76000 -58000 0.023146
-76000 -56000 0.024023
-76000 -54000 0.024930
-76000 -52000 0.025866
-76000 -50000 0.026829
-76000 -48000 0.027820
-76000 -46000 0.028836
-76000 -44000 0.029875
-76000 -42000 0.030934
-76000 -40000 0.032010
-76000 -38000 0.033100
-76000 -36000 0.034198
-76000 -34000 0.035299
-76000 -32000 0.036398
-76000 -30000 0.037487
-76000 -28000 0.038561
-76000 -26000 0.039611
-76000 -24000 0.040630
-76000 -22000 0.041610
-76000 -20000 0.042541
-76000 -18000 0.043417
-76000 -16000 0.044227
-76000 -14000 0.044964
-76000 -12000 0.045621
-76000 -10000 0.046190
-76000 -8000 0.046664
-76000 -6000 0.047039
-76000 -4000 0.047311
-76000 -2000 0.047475
-76000 0 0.047529
-76000 2000 0.047475
-76000 4000 0.047311
-76000 6000 0.047039
-76000 8000 0.046664
-76000 10000 0.046190
-76000 12000 0.045621
-76000 14000 0.044964
-76000 16000 0.044227
-76000 18000 0.043417
-76000 20000 0.042541
-76000 22000 0.041610
-76000 24000 0.040630
-76000 26000 0.039611
-76000 28000 0.038561
-76000 30000 0.037487
-76000 32000 0.036398
-76000 34000 0.035299
-76000 36000 0.034198
-76000 38000 0.033100
-76000 40000 0.032010
-76000 42000 0.030934
-76000 44000 0.029875
-76000 46000 0.028836
-76000 48000 0.027820
-76000 50000 0.026829
-76000 52000 0.025866
-76000 54000 0.024930
-76000 56000 0.024023
-76000 58000 0.023146
-76000 60000 0.022298
-76000 62000 0.021479
-76000 64000 0.020689
-76000 66000 0.019927
-76000 68000 0.019193
-76000 70000 0.018485
-76000 72000 0.017803
-76000 74000 0.017146
-76000 76000 0.016513
-76000 78000 0.015903
-76000 80000 0.015314
-76000 82000 0.014747
-76000 84000 0.014199
-76000 86000 0.013671
-76000 88000 0.013161
-76000 90000 0.012669
-76000 92000 0.012195
-76000 94000 0.011736
-76000 96000 0.011294
-76000 98000 0.010867
-74000 -100000 0.010765
-74000 -98000 0.011195
-74000 -96000 0.011641
-74000 -94000 0.012104
-74000 -92000 0.012584
-74000 -90000 0.013082
-74000 -88000 0.013599
-74000 -86000 0.014135
-74000 -84000 0.014692
-74000 -82000 0.015271
-74000 -80000 0.015872
-74000 -78000 0.016497
-74000 -76000 0.017146
-74000 -74000 0.017822
-74000 -72000 0.018525
-74000 -70000 0.019256
-74000 -68000 0.020018
-74000 -66000 0.020811
-74000 -64000 0.021635
-74000 -62000 0.022494
-74000 -60000 0.023386
-74000 -58000 0.024313
-74000 -56000 0.025275
-74000 -54000 0.026273
-74000 -52000 0.027306
-74000 -50000 0.028374
-74000 -48000 0.029474
-74000 -46000 0.030607
-74000 -44000 0.031768
-74000 -42000 0.032956
-74000 -40000 0.034167
-74000 -38000 0.035396
-74000 -36000 0.036639
-74000 -34000 0.037888
-74000 -32000 0.039138
-74000 -30000 0.040382
-74000 -28000 0.041610
-74000 -26000 0.042814
-74000 -24000 0.043986
-74000 -22000 0.045114
-74000 -20000 0.046190
-74000 -18000 0.047202
-74000 -16000 0.048141
-74000 -14000 0.048996
-74000 -12000 0.049760
-74000 -10000 0.050422
-74000 -8000 0.050975
-74000 -6000 0.051412
-74000 -4000 0.051728
-74000 -2000 0.051920
-74000 0 0.051984
-74000 2000 0.051920
-74000 4000 0.051728
-74000 6000 0.051412
-74000 8000 0.050975
-74000 10000 0.050422
-74000 12000 0.049760
-74000 14000 0.048996
-74000 16000 0.048141
-74000 18000 0.047202
-74000 20000 0.046190
-74000 22000 0.045114
-74000 24000 0.043986
-74000 26000 0.042814
-74000 28000 0.041610
-74000 30000 0.040382
-74000 32000 0.039138
-74000 34000 0.037888
-74000 36000 0.036639
-74000 38000 0.035396
-74000 40000 0.034167
-74000 42000 0.032956
-74000 44000 0.031768
-74000 46000 0.030607
-74000 48000 0.029474
-74000 50000 0.028374
-74000 52000 0.027306
-74000 54000 0.026273
-74000 56000 0.025275
-74000 58000 0.024313
-74000 60000 0.023386
-74000 62000 0.022494
-74000 64000 0.021635
-74000 66000 0.020811
-74000 68000 0.020018
-74000 70000 0.019256
-74000 72000 0.018525
-74000 74000 0.017822
-74000 76000 0.017146
-74000 78000 0.016497
-74000 80000 0.015872
-74000 82000 0.015271
-74000 84000 0.014692
-74000 86000 0.014135
-74000 88000 0.013599
-74000 90000 0.013082
-74000 92000 0.012584
-74000 94000 0.012104
-74000 96000 0.011641
-74000 98000 0.011195
-72000 -100000 0.011080
-72000 -98000 0.011528
-72000 -96000 0.011994
-72000 -94000 0.012478
-72000 -92000 0.012981
-72000 -90000 0.013504
-72000 -88000 0.014047
-72000 -86000 0.014612
-72000 -84000 0.015199
-72000 -82000 0.015811
-72000 -80000 0.016448
-72000 -78000 0.017111
-72000 -76000 0.017803
-72000 -74000 0.018525
-72000 -72000 0.019278
-72000 -70000 0.020064
-72000 -68000 0.020884
-72000 -66000 0.021741
-72000 -64000 0.022636
-72000 -62000 0.023569
-72000 -60000 0.024543
-72000 -58000 0.025558
-72000 -56000 0.026616
-72000 -54000 0.027716
-72000 -52000 0.028858
-72000 -50000 0.030043
-72000 -48000 0.031268
-72000 -46000 0.032533
-72000 -44000 0.033834
-72000 -42000 0.035170
-72000 -40000 0.036535
-72000 -38000 0.037925
-72000 -36000 0.039334
-72000 -34000 0.040756
-72000 -32000 0.042182
-72000 -30000 0.043605
-72000 -28000 0.045014
-72000 -26000 0.046400
-72000 -24000 0.047750
-72000 -22000 0.049054
-72000 -20000 0.050300
-72000 -18000 0.051475
-72000 -16000 0.052567
-72000 -14000 0.053564
-72000 -12000 0.054454
-72000 -10000 0.055228
-72000 -8000 0.055875
-72000 -6000 0.056387
-72000 -4000 0.056758
-72000 -2000 0.056982
-72000 0 0.057057
-72000 2000 0.056982
-72000 4000 0.056758
-72000 6000 0.056387
-72000 8000 0.055875
-72000 10000 0.055228
-72000 12000 0.054454
-72000 14000 0.053564
-72000 16000 0.052567
-72000 18000 0.051475
-72000 20000 0.050300
-72000 22000 0.049054
-72000 24000 0.047750
-72000 26000 0.046400
-72000 28000 0.045014
-72000 30000 0.043605
-72000 32000 0.042182
-72000 34000 0.040756
-72000 36000 0.039334
-72000 38000 0.037925
-72000 40000 0.036535
-72000 42000 0.035170
-72000 44000 0.033834
-72000 46000 0.032533
-72000 48000 0.031268
-72000 50000 0.030043
-72000 52000 0.028858
-72000 54000 0.027716
-72000 56000 0.026616
-72000 58000 0.025558
-72000 60000 0.024543
-72000 62000 0.023569
-72000 64000 0.022636
-72000 66000 0.021741
-72000 68000 0.020884
-72000 70000 0.020064
-72000 72000 0.019278
-72000 74000 0.018525
-72000 76000 0.017803
-72000 78000 0.017111
-72000 80000 0.016448
-72000 82000 0.015811
-72000 84000 0.015199
-72000 86000 0.014612
-72000 88000 0.014047
-72000 90000 0.013504
-72000 92000 0.012981
-72000 94000 0.012478
-72000 96000 0.011994
-72000 98000 0.011528
-70000 -100000 0.011399
-70000 -98000 0.011867
-70000 -96000 0.012353
-70000 -94000 0.012860
-70000 -92000 0.013386
-70000 -90000 0.013934
-70000 -88000 0.014505
-70000 -86000 0.015100
-70000 -84000 0.015720
-70000 -82000 0.016367
-70000 -80000 0.017042
-70000 -78000 0.017748
-70000 -76000 0.018485
-70000 -74000 0.019256
-70000 -72000 0.020064
-70000 -70000 0.020909
-70000 -68000 0.021794
-70000 -66000 0.022722
-70000 -64000 0.023693
-70000 -62000 0.024710
-70000 -60000 0.025774
-70000 -58000 0.026888
-70000 -56000 0.028052
-70000 -54000 0.029266
-70000 -52000 0.030532
-70000 -50000 0.031849
-70000 -48000 0.033215
-70000 -46000 0.034631
-70000 -44000 0.036092
-70000 -42000 0.037596
-70000 -40000 0.039138
-70000 -38000 0.040714
-70000 -36000 0.042316
-70000 -34000 0.043938
-70000 -32000 0.045570
-70000 -30000 0.047202
-70000 -28000 0.048823
-70000 -26000 0.050422
-70000 -24000 0.051984
-70000 -22000 0.053496
-70000 -20000 0.054944
-70000 -18000 0.056313
-70000 -16000 0.057588
-70000 -14000 0.058754
-70000 -12000 0.059797
-70000 -10000 0.060704
-70000 -8000 0.061464
-70000 -6000 0.062066
-70000 -4000 0.062502
-70000 -2000 0.062766
-70000 0 0.062855
-70000 2000 0.062766
-70000 4000 0.062502
-70000 6000 0.062066
-70000 8000 0.061464
-70000 10000 0.060704
-70000 12000 0.059797
-70000 14000 0.058754
-70000 16000 0.057588
-70000 18000 0.056313
-70000 20000 0.054944
-70000 22000 0.053496
-70000 24000 0.051984
-70000 26000 0.050422
-70000 28000 0.048823
-70000 30000 0.047202
-70000 32000 0.045570
-70000 34000 0.043938
-70000 36000 0.042316
-70000 38000 0.040714
-70000 40000 0.039138
-70000 42000 0.037596
-70000 44000 0.036092
-70000 46000 0.034631
-70000 48000 0.033215
-70000 50000 0.031849
-70000 52000 0.030532
-70000 54000 0.029266
-70000 56000 0.028052
-70000 58000 0.026888
-70000 60000 0.025774
-70000 62000 0.024710
-70000 64000 0.023693
-70000 66000 0.022722
-70000 68000 0.021794
-70000 70000 0.020909
-70000 72000 0.020064
-70000 74000 0.019256
-70000 76000 0.018485
-70000 78000 0.017748
-70000 80000 0.017042
-70000 82000 0.016367
-70000 84000 0.015720
-70000 86000 0.015100
-70000 88000 0.014505
-70000 90000 0.013934
-70000 92000 0.013386
-70000 94000 0.012860
-70000 96000 0.012353
-70000 98000 0.011867
-68000 -100000 0.011722
-68000 -98000 0.012210
-68000 -96000 0.012718
-68000 -94000 0.013247
-68000 -92000 0.013799
-68000 -90000 0.014374
-68000 -88000 0.014974
-68000 -86000 0.015600
-68000 -84000 0.016255
-68000 -82000 0.016939
-68000 -80000 0.017656
-68000 -78000 0.018406
-68000 -76000 0.019193
-68000 -74000 0.020018
-68000 -72000 0.020884
-68000 -70000 0.021794
-68000 -68000 0.022750
-68000 -66000 0.023755
-68000 -64000 0.024811
-68000 -62000 0.025920
-68000 -60000 0.027086
-68000 -58000 0.028309
-68000 -56000 0.029591
-68000 -54000 0.030934
-68000 -52000 0.032339
-68000 -50000 0.033804
-68000 -48000 0.035331
-68000 -46000 0.036918
-68000 -44000 0.038561
-68000 -42000 0.040258
-68000 -40000 0.042005
-68000 -38000 0.043795
-68000 -36000 0.045621
-68000 -34000 0.047475
-68000 -32000 0.049346
-68000 -30000 0.051224
-68000 -28000 0.053095
-68000 -26000 0.054944
-68000 -24000 0.056758
-68000 -22000 0.058517
-68000 -20000 0.060206
-68000 -18000 0.061807
-68000 -16000 0.063300
-68000 -14000 0.064669
-68000 -12000 0.065896
-68000 -10000 0.066964
-68000 -8000 0.067860
-68000 -6000 0.068571
-68000 -4000 0.069086
-68000 -2000 0.069399
-68000 0 0.069503
-68000 2000 0.069399
-68000 4000 0.069086
-68000 6000 0.068571
-68000 8000 0.067860
-68000 10000 0.066964
-68000 12000 0.065896
-68000 14000 0.064669
-68000 16000 0.063300
-68000 18000 0.061807
-68000 20000 0.060206
-68000 22000 0.058517
-68000 24000 0.056758
-68000 26000 0.054944
-68000 28000 0.053095
-68000 30000 0.051224
-68000 32000 0.049346
-68000 34000 0.047475
-68000 36000 0.045621
-68000 38000 0.043795
-68000 40000 0.042005
-68000 42000 0.040258
-68000 44000 0.038561
-68000 46000 0.036918
-68000 48000 0.035331
-68000 50000 0.033804
-68000 52000 0.032339
-68000 54000 0.030934
-68000 56000 0.029591
-68000 58000 0.028309
-68000 60000 0.027086
-68000 62000 0.025920
-68000 64000 0.024811
-68000 66000 0.023755
-68000 68000 0.022750
-68000 70000 0.021794
-68000 72000 0.020884
-68000 74000 0.020018
-68000 76000 0.019193
-68000 78000 0.018406
-68000 80000 0.017656
-68000 82000 0.016939
-68000 84000 0.016255
-68000 86000 0.015600
-68000 88000 0.014974
-68000 90000 0.014374
-68000 92000 0.013799
-68000 94000 0.013247
-68000 96000 0.012718
-68000 98000 0.012210
-66000 -100000 0.012049
-66000 -98000 0.012557
-66000 -96000 0.013088
-66000 -94000 0.013641
-66000 -92000 0.014218
-66000 -90000 0.014822
-66000 -88000 0.015452
-66000 -86000 0.016112
-66000 -84000 0.016803
-66000 -82000 0.017528
-66000 -80000 0.018288
-66000 -78000 0.019087
-66000 -76000 0.019927
-66000 -74000 0.020811
-66000 -72000 0.021741
-66000 -70000 0.022722
-66000 -68000 0.023755
-66000 -66000 0.024845
-66000 -64000 0.025994
-66000 -62000 0.027206
-66000 -60000 0.028482
-66000 -58000 0.029827
-66000 -56000 0.031242
-66000 -54000 0.032729
-66000 -52000 0.034290
-66000 -50000 0.035924
-66000 -48000 0.037632
-66000 -46000 0.039413
-66000 -44000 0.041265
-66000 -42000 0.043183
-66000 -40000 0.045164
-66000 -38000 0.047202
-66000 -36000 0.049288
-66000 -34000 0.051412
-66000 -32000 0.053564
-66000 -30000 0.055730
-66000 -28000 0.057895
-66000 -26000 0.060042
-66000 -24000 0.062153
-66000 -22000 0.064207
-66000 -20000 0.066184
-66000 -18000 0.068062
-66000 -16000 0.069819
-66000 -14000 0.071432
-66000 -12000 0.072881
-66000 -10000 0.074145
-66000 -8000 0.075206
-66000 -6000 0.076049
-66000 -4000 0.076661
-66000 -2000 0.077032
-66000 0 0.077156
-66000 2000 0.077032
-66000 4000 0.076661
-66000 6000 0.076049
-66000 8000 0.075206
-66000 10000 0.074145
-66000 12000 0.072881
-66000 14000 0.071432
-66000 16000 0.069819
-66000 18000 0.068062
-66000 20000 0.066184
-66000 22000 0.064207
-66000 24000 0.062153
-66000 26000 0.060042
-66000 28000 0.057895
-66000 30000 0.055730
-66000 32000 0.053564
-66000 34000 0.051412
-66000 36000 0.049288
-66000 38000 0.047202
-66000 40000 0.045164
-66000 42000 0.043183
-66000 44000 0.041265
-66000 46000 0.039413
-66000 48000 0.037632
-66000 50000 0.035924
-66000 52000 0.034290
-66000 54000 0.032729
-66000 56000 0.031242
-66000 58000 0.029827
-66000 60000 0.028482
