-50000 -50000 0.068780
-50000 -49000 0.071304
-50000 -48000 0.073927
-50000 -47000 0.076651
-50000 -46000 0.079479
-50000 -45000 0.082412
-50000 -44000 0.085453
-50000 -43000 0.088602
-50000 -42000 0.091862
-50000 -41000 0.095233
-50000 -40000 0.098716
-50000 -39000 0.102311
-50000 -38000 0.106017
-50000 -37000 0.109834
-50000 -36000 0.113761
-50000 -35000 0.117794
-50000 -34000 0.121932
-50000 -33000 0.126171
-50000 -32000 0.130506
-50000 -31000 0.134931
-50000 -30000 0.139442
-50000 -29000 0.144029
-50000 -28000 0.148686
-50000 -27000 0.153403
-50000 -26000 0.158169
-50000 -25000 0.162973
-50000 -24000 0.167802
-50000 -23000 0.172642
-50000 -22000 0.177479
-50000 -21000 0.182297
-50000 -20000 0.187078
-50000 -19000 0.191806
-50000 -18000 0.196461
-50000 -17000 0.201023
-50000 -16000 0.205474
-50000 -15000 0.209793
-50000 -14000 0.213958
-50000 -13000 0.217950
-50000 -12000 0.221747
-50000 -11000 0.225330
-50000 -10000 0.228678
-50000 -9000 0.231772
-50000 -8000 0.234594
-50000 -7000 0.237128
-50000 -6000 0.239357
-50000 -5000 0.241268
-50000 -4000 0.242848
-50000 -3000 0.244089
-50000 -2000 0.244981
-50000 -1000 0.245518
-50000 0 0.245697
-50000 1000 0.245518
-50000 2000 0.244981
-50000 3000 0.244089
-50000 4000 0.242848
-50000 5000 0.241268
-50000 6000 0.239357
-50000 7000 0.237128
-50000 8000 0.234594
-50000 9000 0.231772
-50000 10000 0.228678
-50000 11000 0.225330
-50000 12000 0.221747
-50000 13000 0.217950
-50000 14000 0.213958
-50000 15000 0.209793
-50000 16000 0.205474
-50000 17000 0.201023
-50000 18000 0.196461
-50000 19000 0.191806
-50000 20000 0.187078
-50000 21000 0.182297
-50000 22000 0.177479
-50000 23000 0.172642
-50000 24000 0.167802
-50000 25000 0.162973
-50000 26000 0.158169
-50000 27000 0.153403
-50000 28000 0.148686
-50000 29000 0.144029
-50000 30000 0.139442
-50000 31000 0.134931
-50000 32000 0.130506
-50000 33000 0.126171
-50000 34000 0.121932
-50000 35000 0.117794
-50000 36000 0.113761
-50000 37000 0.109834
-50000 38000 0.106017
-50000 39000 0.102311
-50000 40000 0.098716
-50000 41000 0.095233
-50000 42000 0.091862
-50000 43000 0.088602
-50000 44000 0.085453
-50000 45000 0.082412
-50000 46000 0.079479
-50000 47000 0.076651
-50000 48000 0.073927
-50000 49000 0.071304
-49000 -50000 0.071304
-49000 -49000 0.073983
-49000 -48000 0.076770
-49000 -47000 0.079667
-49000 -46000 0.082678
-49000 -45000 0.085805
-49000 -44000 0.089051
-49000 -43000 0.092417
-49000 -42000 0.095905
-49000 -41000 0.099517
-49000 -40000 0.103253
-49000 -39000 0.107114
-49000 -38000 0.111101
-49000 -37000 0.115212
-49000 -36000 0.119446
-49000 -35000 0.123801
-49000 -34000 0.128275
-49000 -33000 0.132864
-49000 -32000 0.137564
-49000 -31000 0.142368
-49000 -30000 0.147271
-49000 -29000 0.152265
-49000 -28000 0.157341
-49000 -27000 0.162489
-49000 -26000 0.167697
-49000 -25000 0.172954
-49000 -24000 0.178246
-49000 -23000 0.183556
-49000 -22000 0.188870
-49000 -21000 0.194169
-49000 -20000 0.199434
-49000 -19000 0.204646
-49000 -18000 0.209785
-49000 -17000 0.214827
-49000 -16000 0.219751
-49000 -15000 0.224533
-49000 -14000 0.229151
-49000 -13000 0.233580
-49000 -12000 0.237797
-49000 -11000 0.241780
-49000 -10000 0.245504
-49000 -9000 0.248948
-49000 -8000 0.252092
-49000 -7000 0.254916
-49000 -6000 0.257402
-49000 -5000 0.259535
-49000 -4000 0.261299
-49000 -3000 0.262684
-49000 -2000 0.263680
-49000 -1000 0.264280
-49000 0 0.264481
-49000 1000 0.264280
-49000 2000 0.263680
-49000 3000 0.262684
-49000 4000 0.261299
-49000 5000 0.259535
-49000 6000 0.257402
-49000 7000 0.254916
-49000 8000 0.252092
-49000 9000 0.248948
-49000 10000 0.245504
-49000 11000 0.241780
-49000 12000 0.237797
-49000 13000 0.233580
-49000 14000 0.229151
-49000 15000 0.224533
-49000 16000 0.219751
-49000 17000 0.214827
-49000 18000 0.209785
-49000 19000 0.204646
-49000 20000 0.199434
-49000 21000 0.194169
-49000 22000 0.188870
-49000 23000 0.183556
-49000 24000 0.178246
-49000 25000 0.172954
-49000 26000 0.167697
-49000 27000 0.162489
-49000 28000 0.157341
-49000 29000 0.152265
-49000 30000 0.147271
-49000 31000 0.142368
-49000 32000 0.137564
-49000 33000 0.132864
-49000 34000 0.128275
-49000 35000 0.123801
-49000 36000 0.119446
-49000 37000 0.115212
-49000 38000 0.111101
-49000 39000 0.107114
-49000 40000 0.103253
-49000 41000 0.099517
-49000 42000 0.095905
-49000 43000 0.092417
-49000 44000 0.089051
-49000 45000 0.085805
-49000 46000 0.082678
-49000 47000 0.079667
-49000 48000 0.076770
-49000 49000 0.073983
-48000 -50000 0.073927
-48000 -49000 0.076770
-48000 -48000 0.079730
-48000 -47000 0.082812
-48000 -46000 0.086018
-48000 -45000 0.089352
-48000 -44000 0.092817
-48000 -43000 0.096414
-48000 -42000 0.100147
-48000 -41000 0.104017
-48000 -40000 0.108025
-48000 -39000 0.112174
-48000 -38000 0.116462
-48000 -37000 0.120890
-48000 -36000 0.125457
-48000 -35000 0.130162
-48000 -34000 0.135001
-48000 -33000 0.139971
-48000 -32000 0.145068
-48000 -31000 0.150286
-48000 -30000 0.155618
-48000 -29000 0.161057
-48000 -28000 0.166593
-48000 -27000 0.172215
-48000 -26000 0.177911
-48000 -25000 0.183667
-48000 -24000 0.189470
-48000 -23000 0.195301
-48000 -22000 0.201143
-48000 -21000 0.206976
-48000 -20000 0.212781
-48000 -19000 0.218533
-48000 -18000 0.224211
-48000 -17000 0.229789
-48000 -16000 0.235242
-48000 -15000 0.240545
-48000 -14000 0.245670
-48000 -13000 0.250592
-48000 -12000 0.255282
-48000 -11000 0.259714
-48000 -10000 0.263863
-48000 -9000 0.267703
-48000 -8000 0.271211
-48000 -7000 0.274364
-48000 -6000 0.277141
-48000 -5000 0.279524
-48000 -4000 0.281496
-48000 -3000 0.283045
-48000 -2000 0.284159
-48000 -1000 0.284831
-48000 0 0.285055
-48000 1000 0.284831
-48000 2000 0.284159
-48000 3000 0.283045
-48000 4000 0.281496
-48000 5000 0.279524
-48000 6000 0.277141
-48000 7000 0.274364
-48000 8000 0.271211
-48000 9000 0.267703
-48000 10000 0.263863
-48000 11000 0.259714
-48000 12000 0.255282
-48000 13000 0.250592
-48000 14000 0.245670
-48000 15000 0.240545
-48000 16000 0.235242
-48000 17000 0.229789
-48000 18000 0.224211
-48000 19000 0.218533
-48000 20000 0.212781
-48000 21000 0.206976
-48000 22000 0.201143
-48000 23000 0.195301
-48000 24000 0.189470
-48000 25000 0.183667
-48000 26000 0.177911
-48000 27000 0.172215
-48000 28000 0.166593
-48000 29000 0.161057
-48000 30000 0.155618
-48000 31000 0.150286
-48000 32000 0.145068
-48000 33000 0.139971
-48000 34000 0.135001
-48000 35000 0.130162
-48000 36000 0.125457
-48000 37000 0.120890
-48000 38000 0.116462
-48000 39000 0.112174
-48000 40000 0.108025
-48000 41000 0.104017
-48000 42000 0.100147
-48000 43000 0.096414
-48000 44000 0.092817
-48000 45000 0.089352
-48000 46000 0.086018
-48000 47000 0.082812
-48000 48000 0.079730
-48000 49000 0.076770
-47000 -50000 0.076651
-47000 -49000 0.079667
-47000 -48000 0.082812
-47000 -47000 0.086089
-47000 -46000 0.089503
-47000 -45000 0.093058
-47000 -44000 0.096756
-47000 -43000 0.100601
-47000 -42000 0.104596
-47000 -41000 0.108743
-47000 -40000 0.113044
-47000 -39000 0.117501
-47000 -38000 0.122115
-47000 -37000 0.126886
-47000 -36000 0.131813
-47000 -35000 0.136895
-47000 -34000 0.142131
-47000 -33000 0.147516
-47000 -32000 0.153046
-47000 -31000 0.158715
-47000 -30000 0.164517
-47000 -29000 0.170443
-47000 -28000 0.176484
-47000 -27000 0.182627
-47000 -26000 0.188860
-47000 -25000 0.195169
-47000 -24000 0.201536
-47000 -23000 0.207944
-47000 -22000 0.214373
-47000 -21000 0.220801
-47000 -20000 0.227205
-47000 -19000 0.233560
-47000 -18000 0.239840
-47000 -17000 0.246018
-47000 -16000 0.252066
-47000 -15000 0.257952
-47000 -14000 0.263649
-47000 -13000 0.269124
-47000 -12000 0.274347
-47000 -11000 0.279288
-47000 -10000 0.283917
-47000 -9000 0.288205
-47000 -8000 0.292125
-47000 -7000 0.295650
-47000 -6000 0.298757
-47000 -5000 0.301425
-47000 -4000 0.303634
-47000 -3000 0.305369
-47000 -2000 0.306617
-47000 -1000 0.307370
-47000 0 0.307622
-47000 1000 0.307370
-47000 2000 0.306617
-47000 3000 0.305369
-47000 4000 0.303634
-47000 5000 0.301425
-47000 6000 0.298757
-47000 7000 0.295650
-47000 8000 0.292125
-47000 9000 0.288205
-47000 10000 0.283917
-47000 11000 0.279288
-47000 12000 0.274347
-47000 13000 0.269124
-47000 14000 0.263649
-47000 15000 0.257952
-47000 16000 0.252066
-47000 17000 0.246018
-47000 18000 0.239840
-47000 19000 0.233560
-47000 20000 0.227205
-47000 21000 0.220801
-47000 22000 0.214373
-47000 23000 0.207944
-47000 24000 0.201536
-47000 25000 0.195169
-47000 26000 0.188860
-47000 27000 0.182627
-47000 28000 0.176484
-47000 29000 0.170443
-47000 30000 0.164517
-47000 31000 0.158715
-47000 32000 0.153046
-47000 33000 0.147516
-47000 34000 0.142131
-47000 35000 0.136895
-47000 36000 0.131813
-47000 37000 0.126886
-47000 38000 0.122115
-47000 39000 0.117501
-47000 40000 0.113044
-47000 41000 0.108743
-47000 42000 0.104596
-47000 43000 0.100601
-47000 44000 0.096756
-47000 45000 0.093058
-47000 46000 0.089503
-47000 47000 0.086089
-47000 48000 0.082812
-47000 49000 0.079667
-46000 -50000 0.079479
-46000 -49000 0.082678
-46000 -48000 0.086018
-46000 -47000 0.089503
-46000 -46000 0.093138
-46000 -45000 0.096927
-46000 -44000 0.100875
-46000 -43000 0.104984
-46000 -42000 0.109259
-46000 -41000 0.113703
-46000 -40000 0.118319
-46000 -39000 0.123108
-46000 -38000 0.128073
-46000 -37000 0.133214
-46000 -36000 0.138531
-46000 -35000 0.144023
-46000 -34000 0.149689
-46000 -33000 0.155525
-46000 -32000 0.161527
-46000 -31000 0.167689
-46000 -30000 0.174005
-46000 -29000 0.180466
-46000 -28000 0.187060
-46000 -27000 0.193777
-46000 -26000 0.200603
-46000 -25000 0.207520
-46000 -24000 0.214513
-46000 -23000 0.221560
-46000 -22000 0.228640
-46000 -21000 0.235729
-46000 -20000 0.242802
-46000 -19000 0.249830
-46000 -18000 0.256785
-46000 -17000 0.263635
-46000 -16000 0.270349
-46000 -15000 0.276893
-46000 -14000 0.283232
-46000 -13000 0.289331
-46000 -12000 0.295157
-46000 -11000 0.300673
-46000 -10000 0.305845
-46000 -9000 0.310641
-46000 -8000 0.315028
-46000 -7000 0.318977
-46000 -6000 0.322459
-46000 -5000 0.325451
-46000 -4000 0.327930
-46000 -3000 0.329877
-46000 -2000 0.331279
-46000 -1000 0.332124
-46000 0 0.332406
-46000 1000 0.332124
-46000 2000 0.331279
-46000 3000 0.329877
-46000 4000 0.327930
-46000 5000 0.325451
-46000 6000 0.322459
-46000 7000 0.318977
-46000 8000 0.315028
-46000 9000 0.310641
-46000 10000 0.305845
-46000 11000 0.300673
-46000 12000 0.295157
-46000 13000 0.289331
-46000 14000 0.283232
-46000 15000 0.276893
-46000 16000 0.270349
-46000 17000 0.263635
-46000 18000 0.256785
-46000 19000 0.249830
-46000 20000 0.242802
-46000 21000 0.235729
-46000 22000 0.228640
-46000 23000 0.221560
-46000 24000 0.214513
-46000 25000 0.207520
-46000 26000 0.200603
-46000 27000 0.193777
-46000 28000 0.187060
-46000 29000 0.180466
-46000 30000 0.174005
-46000 31000 0.167689
-46000 32000 0.161527
-46000 33000 0.155525
-46000 34000 0.149689
-46000 35000 0.144023
-46000 36000 0.138531
-46000 37000 0.133214
-46000 38000 0.128073
-46000 39000 0.123108
-46000 40000 0.118319
-46000 41000 0.113703
-46000 42000 0.109259
-46000 43000 0.104984
-46000 44000 0.100875
-46000 45000 0.096927
-46000 46000 0.093138
-46000 47000 0.089503
-46000 48000 0.086018
-46000 49000 0.082678
-45000 -50000 0.082412
-45000 -49000 0.085805
-45000 -48000 0.089352
-45000 -47000 0.093058
-45000 -46000 0.096927
-45000 -45000 0.100966
-45000 -44000 0.105179
-45000 -43000 0.109571
-45000 -42000 0.114146
-45000 -41000 0.118909
-45000 -40000 0.123862
-45000 -39000 0.129009
-45000 -38000 0.134351
-45000 -37000 0.139892
-45000 -36000 0.145630
-45000 -35000 0.151566
-45000 -34000 0.157699
-45000 -33000 0.164026
-45000 -32000 0.170542
-45000 -31000 0.177243
-45000 -30000 0.184121
-45000 -29000 0.191167
-45000 -28000 0.198370
-45000 -27000 0.205719
-45000 -26000 0.213197
-45000 -25000 0.220788
-45000 -24000 0.228472
-45000 -23000 0.236228
-45000 -22000 0.244033
-45000 -21000 0.251858
-45000 -20000 0.259677
-45000 -19000 0.267458
-45000 -18000 0.275168
-45000 -17000 0.282772
-45000 -16000 0.290235
-45000 -15000 0.297518
-45000 -14000 0.304582
-45000 -13000 0.311387
-45000 -12000 0.317894
-45000 -11000 0.324062
-45000 -10000 0.329851
-45000 -9000 0.335224
-45000 -8000 0.340143
-45000 -7000 0.344573
-45000 -6000 0.348484
-45000 -5000 0.351845
-45000 -4000 0.354631
-45000 -3000 0.356821
-45000 -2000 0.358398
-45000 -1000 0.359349
-45000 0 0.359666
-45000 1000 0.359349
-45000 2000 0.358398
-45000 3000 0.356821
-45000 4000 0.354631
-45000 5000 0.351845
-45000 6000 0.348484
-45000 7000 0.344573
-45000 8000 0.340143
-45000 9000 0.335224
-45000 10000 0.329851
-45000 11000 0.324062
-45000 12000 0.317894
-45000 13000 0.311387
-45000 14000 0.304582
-45000 15000 0.297518
-45000 16000 0.290235
-45000 17000 0.282772
-45000 18000 0.275168
-45000 19000 0.267458
-45000 20000 0.259677
-45000 21000 0.251858
-45000 22000 0.244033
-45000 23000 0.236228
-45000 24000 0.228472
-45000 25000 0.220788
-45000 26000 0.213197
-45000 27000 0.205719
-45000 28000 0.198370
-45000 29000 0.191167
-45000 30000 0.184121
-45000 31000 0.177243
-45000 32000 0.170542
-45000 33000 0.164026
-45000 34000 0.157699
-45000 35000 0.151566
-45000 36000 0.145630
-45000 37000 0.139892
-45000 38000 0.134351
-45000 39000 0.129009
-45000 40000 0.123862
-45000 41000 0.118909
-45000 42000 0.114146
-45000 43000 0.109571
-45000 44000 0.105179
-45000 45000 0.100966
-45000 46000 0.096927
-45000 47000 0.093058
-45000 48000 0.089352
-45000 49000 0.085805
-44000 -50000 0.085453
-44000 -49000 0.089051
-44000 -48000 0.092817
-44000 -47000 0.096756
-44000 -46000 0.100875
-44000 -45000 0.105179
-44000 -44000 0.109676
-44000 -43000 0.114369
-44000 -42000 0.119265
-44000 -41000 0.124368
-44000 -40000 0.129683
-44000 -39000 0.135214
-44000 -38000 0.140964
-44000 -37000 0.146935
-44000 -36000 0.153130
-44000 -35000 0.159547
-44000 -34000 0.166187
-44000 -33000 0.173047
-44000 -32000 0.180124
-44000 -31000 0.187412
-44000 -30000 0.194905
-44000 -29000 0.202593
-44000 -28000 0.210465
-44000 -27000 0.218508
-44000 -26000 0.226707
-44000 -25000 0.235042
-44000 -24000 0.243493
-44000 -23000 0.252036
-44000 -22000 0.260645
-44000 -21000 0.269292
-44000 -20000 0.277944
-44000 -19000 0.286566
-44000 -18000 0.295123
-44000 -17000 0.303576
-44000 -16000 0.311881
-44000 -15000 0.319998
-44000 -14000 0.327881
-44000 -13000 0.335485
-44000 -12000 0.342764
-44000 -11000 0.349672
-44000 -10000 0.356163
-44000 -9000 0.362192
-44000 -8000 0.367717
-44000 -7000 0.372699
-44000 -6000 0.377098
-44000 -5000 0.380881
-44000 -4000 0.384019
-44000 -3000 0.386487
-44000 -2000 0.388264
-44000 -1000 0.389336
-44000 0 0.389695
-44000 1000 0.389336
-44000 2000 0.388264
-44000 3000 0.386487
-44000 4000 0.384019
-44000 5000 0.380881
-44000 6000 0.377098
-44000 7000 0.372699
-44000 8000 0.367717
-44000 9000 0.362192
-44000 10000 0.356163
-44000 11000 0.349672
-44000 12000 0.342764
-44000 13000 0.335485
-44000 14000 0.327881
-44000 15000 0.319998
-44000 16000 0.311881
-44000 17000 0.303576
-44000 18000 0.295123
-44000 19000 0.286566
-44000 20000 0.277944
-44000 21000 0.269292
-44000 22000 0.260645
-44000 23000 0.252036
-44000 24000 0.243493
-44000 25000 0.235042
-44000 26000 0.226707
-44000 27000 0.218508
-44000 28000 0.210465
-44000 29000 0.202593
-44000 30000 0.194905
-44000 31000 0.187412
-44000 32000 0.180124
-44000 33000 0.173047
-44000 34000 0.166187
-44000 35000 0.159547
-44000 36000 0.153130
-44000 37000 0.146935
-44000 38000 0.140964
-44000 39000 0.135214
-44000 40000 0.129683
-44000 41000 0.124368
-44000 42000 0.119265
-44000 43000 0.114369
-44000 44000 0.109676
-44000 45000 0.105179
-44000 46000 0.100875
-44000 47000 0.096756
-44000 48000 0.092817
-44000 49000 0.089051
-43000 -50000 0.088602
-43000 -49000 0.092417
-43000 -48000 0.096414
-43000 -47000 0.100601
-43000 -46000 0.104984
-43000 -45000 0.109571
-43000 -44000 0.114369
-43000 -43000 0.119384
-43000 -42000 0.124623
-43000 -41000 0.130091
-43000 -40000 0.135794
-43000 -39000 0.141738
-43000 -38000 0.147926
-43000 -37000 0.154362
-43000 -36000 0.161049
-43000 -35000 0.167987
-43000 -34000 0.175177
-43000 -33000 0.182617
-43000 -32000 0.190304
-43000 -31000 0.198234
-43000 -30000 0.206400
-43000 -29000 0.214792
-43000 -28000 0.223399
-43000 -27000 0.232207
-43000 -26000 0.241200
-43000 -25000 0.250358
-43000 -24000 0.259659
-43000 -23000 0.269076
-43000 -22000 0.278582
-43000 -21000 0.288144
-43000 -20000 0.297727
-43000 -19000 0.307293
-43000 -18000 0.316801
-43000 -17000 0.326207
-43000 -16000 0.335463
-43000 -15000 0.344522
-43000 -14000 0.353332
-43000 -13000 0.361842
-43000 -12000 0.369998
-43000 -11000 0.377748
-43000 -10000 0.385038
-43000 -9000 0.391817
-43000 -8000 0.398036
-43000 -7000 0.403646
-43000 -6000 0.408606
-43000 -5000 0.412874
-43000 -4000 0.416416
-43000 -3000 0.419202
-43000 -2000 0.421210
-43000 -1000 0.422422
-43000 0 0.422827
-43000 1000 0.422422
-43000 2000 0.421210
-43000 3000 0.419202
-43000 4000 0.416416
-43000 5000 0.412874
-43000 6000 0.408606
-43000 7000 0.403646
-43000 8000 0.398036
-43000 9000 0.391817
-43000 10000 0.385038
-43000 11000 0.377748
-43000 12000 0.369998
-43000 13000 0.361842
-43000 14000 0.353332
-43000 15000 0.344522
-43000 16000 0.335463
-43000 17000 0.326207
-43000 18000 0.316801
-43000 19000 0.307293
-43000 20000 0.297727
-43000 21000 0.288144
-43000 22000 0.278582
-43000 23000 0.269076
-43000 24000 0.259659
-43000 25000 0.250358
-43000 26000 0.241200
-43000 27000 0.232207
-43000 28000 0.223399
-43000 29000 0.214792
-43000 30000 0.206400
-43000 31000 0.198234
-43000 32000 0.190304
-43000 33000 0.182617
-43000 34000 0.175177
-43000 35000 0.167987
-43000 36000 0.161049
-43000 37000 0.154362
-43000 38000 0.147926
-43000 39000 0.141738
-43000 40000 0.135794
-43000 41000 0.130091
-43000 42000 0.124623
-43000 43000 0.119384
-43000 44000 0.114369
-43000 45000 0.109571
-43000 46000 0.104984
-43000 47000 0.100601
-43000 48000 0.096414
-43000 49000 0.092417
-42000 -50000 0.091862
-42000 -49000 0.095905
-42000 -48000 0.100147
-42000 -47000 0.104596
-42000 -46000 0.109259
-42000 -45000 0.114146
-42000 -44000 0.119265
-42000 -43000 0.124623
-42000 -42000 0.130227
-42000 -41000 0.136086
-42000 -40000 0.142206
-42000 -39000 0.148593
-42000 -38000 0.155252
-42000 -37000 0.162190
-42000 -36000 0.169408
-42000 -35000 0.176910
-42000 -34000 0.184696
-42000 -33000 0.192767
-42000 -32000 0.201120
-42000 -31000 0.209750
-42000 -30000 0.218651
-42000 -29000 0.227815
-42000 -28000 0.237229
-42000 -27000 0.246880
-42000 -26000 0.256750
-42000 -25000 0.266819
-42000 -24000 0.277061
-42000 -23000 0.287450
-42000 -22000 0.297955
-42000 -21000 0.308539
-42000 -20000 0.319165
-42000 -19000 0.329789
-42000 -18000 0.340366
-42000 -17000 0.350846
-42000 -16000 0.361176
-42000 -15000 0.371301
-42000 -14000 0.381162
-42000 -13000 0.390701
-42000 -12000 0.399856
-42000 -11000 0.408566
-42000 -10000 0.416770
-42000 -9000 0.424407
-42000 -8000 0.431420
-42000 -7000 0.437753
-42000 -6000 0.443356
-42000 -5000 0.448182
-42000 -4000 0.452189
-42000 -3000 0.455343
-42000 -2000 0.457616
-42000 -1000 0.458988
-42000 0 0.459447
-42000 1000 0.458988
-42000 2000 0.457616
-42000 3000 0.455343
-42000 4000 0.452189
-42000 5000 0.448182
-42000 6000 0.443356
-42000 7000 0.437753
-42000 8000 0.431420
-42000 9000 0.424407
-42000 10000 0.416770
-42000 11000 0.408566
-42000 12000 0.399856
-42000 13000 0.390701
-42000 14000 0.381162
-42000 15000 0.371301
-42000 16000 0.361176
-42000 17000 0.350846
-42000 18000 0.340366
-42000 19000 0.329789
-42000 20000 0.319165
-42000 21000 0.308539
-42000 22000 0.297955
-42000 23000 0.287450
-42000 24000 0.277061
-42000 25000 0.266819
-42000 26000 0.256750
-42000 27000 0.246880
-42000 28000 0.237229
-42000 29000 0.227815
-42000 30000 0.218651
-42000 31000 0.209750
-42000 32000 0.201120
-42000 33000 0.192767
-42000 34000 0.184696
-42000 35000 0.176910
-42000 36000 0.169408
-42000 37000 0.162190
-42000 38000 0.155252
-42000 39000 0.148593
-42000 40000 0.142206
-42000 41000 0.136086
-42000 42000 0.130227
-42000 43000 0.124623
-42000 44000 0.119265
-42000 45000 0.114146
-42000 46000 0.109259
-42000 47000 0.104596
-42000 48000 0.100147
-42000 49000 0.095905
-41000 -50000 0.095233
-41000 -49000 0.099517
-41000 -48000 0.104017
-41000 -47000 0.108743
-41000 -46000 0.113703
-41000 -45000 0.118909
-41000 -44000 0.124368
-41000 -43000 0.130091
-41000 -42000 0.136086
-41000 -41000 0.142362
-41000 -40000 0.148928
-41000 -39000 0.155790
-41000 -38000 0.162957
-41000 -37000 0.170434
-41000 -36000 0.178227
-41000 -35000 0.186339
-41000 -34000 0.194772
-41000 -33000 0.203528
-41000 -32000 0.212605
-41000 -31000 0.221999
-41000 -30000 0.231705
-41000 -29000 0.241715
-41000 -28000 0.252017
-41000 -27000 0.262596
-41000 -26000 0.273434
-41000 -25000 0.284510
-41000 -24000 0.295798
-41000 -23000 0.307268
-41000 -22000 0.318885
-41000 -21000 0.330612
-41000 -20000 0.342406
-41000 -19000 0.354219
-41000 -18000 0.365999
-41000 -17000 0.377692
-41000 -16000 0.389236
-41000 -15000 0.400570
-41000 -14000 0.411626
-41000 -13000 0.422337
-41000 -12000 0.432632
-41000 -11000 0.442440
-41000 -10000 0.451690
-41000 -9000 0.460312
-41000 -8000 0.468238
-41000 -7000 0.475404
-41000 -6000 0.481748
-41000 -5000 0.487217
-41000 -4000 0.491762
-41000 -3000 0.495341
-41000 -2000 0.497921
-41000 -1000 0.499479
-41000 0 0.500000
-41000 1000 0.499479
-41000 2000 0.497921
-41000 3000 0.495341
-41000 4000 0.491762
-41000 5000 0.487217
-41000 6000 0.481748
-41000 7000 0.475404
-41000 8000 0.468238
-41000 9000 0.460312
-41000 10000 0.451690
-41000 11000 0.442440
-41000 12000 0.432632
-41000 13000 0.422337
-41000 14000 0.411626
-41000 15000 0.400570
-41000 16000 0.389236
-41000 17000 0.377692
-41000 18000 0.365999
-41000 19000 0.354219
-41000 20000 0.342406
-41000 21000 0.330612
-41000 22000 0.318885
-41000 23000 0.307268
-41000 24000 0.295798
-41000 25000 0.284510
-41000 26000 0.273434
-41000 27000 0.262596
-41000 28000 0.252017
-41000 29000 0.241715
-41000 30000 0.231705
-41000 31000 0.221999
-41000 32000 0.212605
-41000 33000 0.203528
-41000 34000 0.194772
-41000 35000 0.186339
-41000 36000 0.178227
-41000 37000 0.170434
-41000 38000 0.162957
-41000 39000 0.155790
-41000 40000 0.148928
-41000 41000 0.142362
-41000 42000 0.136086
-41000 43000 0.130091
-41000 44000 0.124368
-41000 45000 0.118909
-41000 46000 0.113703
-41000 47000 0.108743
-41000 48000 0.104017
-41000 49000 0.099517
-40000 -50000 0.098716
-40000 -49000 0.103253
-40000 -48000 0.108025
-40000 -47000 0.113044
-40000 -46000 0.118319
-40000 -45000 0.123862
-40000 -44000 0.129683
-40000 -43000 0.135794
-40000 -42000 0.142206
-40000 -41000 0.148928
-40000 -40000 0.155970
-40000 -39000 0.163343
-40000 -38000 0.171055
-40000 -37000 0.179113
-40000 -36000 0.187525
-40000 -35000 0.196297
-40000 -34000 0.205431
-40000 -33000 0.214931
-40000 -32000 0.224796
-40000 -31000 0.235024
-40000 -30000 0.245611
-40000 -29000 0.256548
-40000 -28000 0.267825
-40000 -27000 0.279427
-40000 -26000 0.291335
-40000 -25000 0.303526
-40000 -24000 0.315974
-40000 -23000 0.328646
-40000 -22000 0.341506
-40000 -21000 0.354512
-40000 -20000 0.367615
-40000 -19000 0.380765
-40000 -18000 0.393903
-40000 -17000 0.406966
-40000 -16000 0.419887
-40000 -15000 0.432594
-40000 -14000 0.445011
-40000 -13000 0.457060
-40000 -12000 0.468659
-40000 -11000 0.479727
-40000 -10000 0.490179
-40000 -9000 0.499935
-40000 -8000 0.508914
-40000 -7000 0.517041
-40000 -6000 0.524243
-40000 -5000 0.530457
-40000 -4000 0.535624
-40000 -3000 0.539696
-40000 -2000 0.542633
-40000 -1000 0.544407
-40000 0 0.545000
-40000 1000 0.544407
-40000 2000 0.542633
-40000 3000 0.539696
-40000 4000 0.535624
-40000 5000 0.530457
-40000 6000 0.524243
-40000 7000 0.517041
-40000 8000 0.508914
-40000 9000 0.499935
-40000 10000 0.490179
-40000 11000 0.479727
-40000 12000 0.468659
-40000 13000 0.457060
-40000 14000 0.445011
-40000 15000 0.432594
-40000 16000 0.419887
-40000 17000 0.406966
-40000 18000 0.393903
-40000 19000 0.380765
-40000 20000 0.367615
-40000 21000 0.354512
-40000 22000 0.341506
-40000 23000 0.328646
-40000 24000 0.315974
-40000 25000 0.303526
-40000 26000 0.291335
-40000 27000 0.279427
-40000 28000 0.267825
-40000 29000 0.256548
-40000 30000 0.245611
-40000 31000 0.235024
-40000 32000 0.224796
-40000 33000 0.214931
-40000 34000 0.205431
-40000 35000 0.196297
-40000 36000 0.187525
-40000 37000 0.179113
-40000 38000 0.171055
-40000 39000 0.163343
-40000 40000 0.155970
-40000 41000 0.148928
-40000 42000 0.142206
-40000 43000 0.135794
-40000 44000 0.129683
-40000 45000 0.123862
-40000 46000 0.118319
-40000 47000 0.113044
-40000 48000 0.108025
-40000 49000 0.103253
-39000 -50000 0.102311
-39000 -49000 0.107114
-39000 -48000 0.112174
-39000 -47000 0.117501
-39000 -46000 0.123108
-39000 -45000 0.129009
-39000 -44000 0.135214
-39000 -43000 0.141738
-39000 -42000 0.148593
-39000 -41000 0.155790
-39000 -40000 0.163343
-39000 -39000 0.171262
-39000 -38000 0.179559
-39000 -37000 0.188243
-39000 -36000 0.197323
-39000 -35000 0.206807
-39000 -34000 0.216701
-39000 -33000 0.227008
-39000 -32000 0.237731
-39000 -31000 0.248869
-39000 -30000 0.260419
-39000 -29000 0.272373
-39000 -28000 0.284721
-39000 -27000 0.297449
-39000 -26000 0.310539
-39000 -25000 0.323966
-39000 -24000 0.337702
-39000 -23000 0.351714
-39000 -22000 0.365962
-39000 -21000 0.380399
-39000 -20000 0.394974
-39000 -19000 0.409629
-39000 -18000 0.424300
-39000 -17000 0.438915
-39000 -16000 0.453400
-39000 -15000 0.467671
-39000 -14000 0.481642
-39000 -13000 0.495222
-39000 -12000 0.508318
-39000 -11000 0.520833
-39000 -10000 0.532672
-39000 -9000 0.543737
-39000 -8000 0.553934
-39000 -7000 0.563175
-39000 -6000 0.571374
-39000 -5000 0.578453
-39000 -4000 0.584345
-39000 -3000 0.588991
-39000 -2000 0.592344
-39000 -1000 0.594370
-39000 0 0.595047
-39000 1000 0.594370
-39000 2000 0.592344
-39000 3000 0.588991
-39000 4000 0.584345
-39000 5000 0.578453
-39000 6000 0.571374
-39000 7000 0.563175
-39000 8000 0.553934
-39000 9000 0.543737
-39000 10000 0.532672
-39000 11000 0.520833
-39000 12000 0.508318
-39000 13000 0.495222
-39000 14000 0.481642
-39000 15000 0.467671
-39000 16000 0.453400
-39000 17000 0.438915
-39000 18000 0.424300
-39000 19000 0.409629
-39000 20000 0.394974
-39000 21000 0.380399
-39000 22000 0.365962
-39000 23000 0.351714
-39000 24000 0.337702
-39000 25000 0.323966
-39000 26000 0.310539
-39000 27000 0.297449
-39000 28000 0.284721
-39000 29000 0.272373
-39000 30000 0.260419
-39000 31000 0.248869
-39000 32000 0.237731
-39000 33000 0.227008
-39000 34000 0.216701
-39000 35000 0.206807
-39000 36000 0.197323
-39000 37000 0.188243
-39000 38000 0.179559
-39000 39000 0.171262
-39000 40000 0.163343
-39000 41000 0.155790
-39000 42000 0.148593
-39000 43000 0.141738
-39000 44000 0.135214
-39000 45000 0.129009
-39000 46000 0.123108
-39000 47000 0.117501
-39000 48000 0.112174
-39000 49000 0.107114
-38000 -50000 0.106017
-38000 -49000 0.111101
-38000 -48000 0.116462
-38000 -47000 0.122115
-38000 -46000 0.128073
-38000 -45000 0.134351
-38000 -44000 0.140964
-38000 -43000 0.147926
-38000 -42000 0.155252
-38000 -41000 0.162957
-38000 -40000 0.171055
-38000 -39000 0.179559
-38000 -38000 0.188483
-38000 -37000 0.197839
-38000 -36000 0.207639
-38000 -35000 0.217893
-38000 -34000 0.228609
-38000 -33000 0.239792
-38000 -32000 0.251448
-38000 -31000 0.263578
-38000 -30000 0.276180
-38000 -29000 0.289248
-38000 -28000 0.302774
-38000 -27000 0.316744
-38000 -26000 0.331139
-38000 -25000 0.345935
-38000 -24000 0.361104
-38000 -23000 0.376609
-38000 -22000 0.392408
-38000 -21000 0.408451
-38000 -20000 0.424681
-38000 -19000 0.441034
-38000 -18000 0.457439
-38000 -17000 0.473816
-38000 -16000 0.490079
-38000 -15000 0.506135
-38000 -14000 0.521885
-38000 -13000 0.537223
-38000 -12000 0.552041
-38000 -11000 0.566227
-38000 -10000 0.579667
-38000 -9000 0.592249
-38000 -8000 0.603862
-38000 -7000 0.614399
-38000 -6000 0.623758
-38000 -5000 0.631849
-38000 -4000 0.638587
-38000 -3000 0.643905
-38000 -2000 0.647745
-38000 -1000 0.650065
-38000 0 0.650842
-38000 1000 0.650065
-38000 2000 0.647745
-38000 3000 0.643905
-38000 4000 0.638587
-38000 5000 0.631849
-38000 6000 0.623758
-38000 7000 0.614399
-38000 8000 0.603862
-38000 9000 0.592249
-38000 10000 0.579667
-38000 11000 0.566227
-38000 12000 0.552041
-38000 13000 0.537223
-38000 14000 0.521885
-38000 15000 0.506135
-38000 16000 0.490079
-38000 17000 0.473816
-38000 18000 0.457439
-38000 19000 0.441034
-38000 20000 0.424681
-38000 21000 0.408451
-38000 22000 0.392408
-38000 23000 0.376609
-38000 24000 0.361104
-38000 25000 0.345935
-38000 26000 0.331139
-38000 27000 0.316744
-38000 28000 0.302774
-38000 29000 0.289248
-38000 30000 0.276180
-38000 31000 0.263578
-38000 32000 0.251448
-38000 33000 0.239792
-38000 34000 0.228609
-38000 35000 0.217893
-38000 36000 0.207639
-38000 37000 0.197839
-38000 38000 0.188483
-38000 39000 0.179559
-38000 40000 0.171055
-38000 41000 0.162957
-38000 42000 0.155252
-38000 43000 0.147926
-38000 44000 0.140964
-38000 45000 0.134351
-38000 46000 0.128073
-38000 47000 0.122115
-38000 48000 0.116462
-38000 49000 0.111101
-37000 -50000 0.109834
-37000 -49000 0.115212
-37000 -48000 0.120890
-37000 -47000 0.126886
-37000 -46000 0.133214
-37000 -45000 0.139892
-37000 -44000 0.146935
-37000 -43000 0.154362
-37000 -42000 0.162190
-37000 -41000 0.170434
-37000 -40000 0.179113
-37000 -39000 0.188243
-37000 -38000 0.197839
-37000 -37000 0.207918
-37000 -36000 0.218493
-37000 -35000 0.229577
-37000 -34000 0.241181
-37000 -33000 0.253315
-37000 -32000 0.265986
-37000 -31000 0.279196
-37000 -30000 0.292948
-37000 -29000 0.307237
-37000 -28000 0.322057
-37000 -27000 0.337395
-37000 -26000 0.353233
-37000 -25000 0.369548
-37000 -24000 0.386310
-37000 -23000 0.403480
-37000 -22000 0.421014
-37000 -21000 0.438859
-37000 -20000 0.456953
-37000 -19000 0.475225
-37000 -18000 0.493596
-37000 -17000 0.511976
-37000 -16000 0.530268
-37000 -15000 0.548367
-37000 -14000 0.566157
-37000 -13000 0.583518
-37000 -12000 0.600324
-37000 -11000 0.616443
-37000 -10000 0.631743
-37000 -9000 0.646090
-37000 -8000 0.659352
-37000 -7000 0.671402
-37000 -6000 0.682120
-37000 -5000 0.691394
-37000 -4000 0.699127
-37000 -3000 0.705233
-37000 -2000 0.709645
-37000 -1000 0.712313
-37000 0 0.713205
-37000 1000 0.712313
-37000 2000 0.709645
-37000 3000 0.705233
-37000 4000 0.699127
-37000 5000 0.691394
-37000 6000 0.682120
-37000 7000 0.671402
-37000 8000 0.659352
-37000 9000 0.646090
-37000 10000 0.631743
-37000 11000 0.616443
-37000 12000 0.600324
-37000 13000 0.583518
-37000 14000 0.566157
-37000 15000 0.548367
-37000 16000 0.530268
-37000 17000 0.511976
-37000 18000 0.493596
-37000 19000 0.475225
-37000 20000 0.456953
-37000 21000 0.438859
-37000 22000 0.421014
-37000 23000 0.403480
-37000 24000 0.386310
-37000 25000 0.369548
-37000 26000 0.353233
-37000 27000 0.337395
-37000 28000 0.322057
-37000 29000 0.307237
-37000 30000 0.292948
-37000 31000 0.279196
-37000 32000 0.265986
-37000 33000 0.253315
-37000 34000 0.241181
-37000 35000 0.229577
-37000 36000 0.218493
-37000 37000 0.207918
-37000 38000 0.197839
-37000 39000 0.188243
-37000 40000 0.179113
-37000 41000 0.170434
-37000 42000 0.162190
-37000 43000 0.154362
-37000 44000 0.146935
-37000 45000 0.139892
-37000 46000 0.133214
-37000 47000 0.126886
-37000 48000 0.120890
-37000 49000 0.115212
-36000 -50000 0.113761
-36000 -49000 0.119446
-36000 -48000 0.125457
-36000 -47000 0.131813
-36000 -46000 0.138531
-36000 -45000 0.145630
-36000 -44000 0.153130
-36000 -43000 0.161049
-36000 -42000 0.169408
-36000 -41000 0.178227
-36000 -40000 0.187525
-36000 -39000 0.197323
-36000 -38000 0.207639
-36000 -37000 0.218493
-36000 -36000 0.229901
-36000 -35000 0.241880
-36000 -34000 0.254445
-36000 -33000 0.267609
-36000 -32000 0.281381
-36000 -31000 0.295769
-36000 -30000 0.310777
-36000 -29000 0.326404
-36000 -28000 0.342646
-36000 -27000 0.359492
-36000 -26000 0.376925
-36000 -25000 0.394924
-36000 -24000 0.413458
-36000 -23000 0.432488
-36000 -22000 0.451966
-36000 -21000 0.471837
-36000 -20000 0.492032
-36000 -19000 0.512476
-36000 -18000 0.533078
-36000 -17000 0.553741
-36000 -16000 0.574353
-36000 -15000 0.594794
-36000 -14000 0.614932
-36000 -13000 0.634629
-36000 -12000 0.653736
-36000 -11000 0.672100
-36000 -10000 0.689565
-36000 -9000 0.705972
-36000 -8000 0.721165
-36000 -7000 0.734990
-36000 -6000 0.747304
-36000 -5000 0.757972
-36000 -4000 0.766877
-36000 -3000 0.773914
-36000 -2000 0.779002
-36000 -1000 0.782079
-36000 0 0.783109
-36000 1000 0.782079
-36000 2000 0.779002
-36000 3000 0.773914
-36000 4000 0.766877
-36000 5000 0.757972
-36000 6000 0.747304
-36000 7000 0.734990
-36000 8000 0.721165
-36000 9000 0.705972
-36000 10000 0.689565
-36000 11000 0.672100
-36000 12000 0.653736
-36000 13000 0.634629
-36000 14000 0.614932
-36000 15000 0.594794
-36000 16000 0.574353
-36000 17000 0.553741
-36000 18000 0.533078
-36000 19000 0.512476
-36000 20000 0.492032
-36000 21000 0.471837
-36000 22000 0.451966
-36000 23000 0.432488
-36000 24000 0.413458
-36000 25000 0.394924
-36000 26000 0.376925
-36000 27000 0.359492
-36000 28000 0.342646
-36000 29000 0.326404
-36000 30000 0.310777
-36000 31000 0.295769
-36000 32000 0.281381
-36000 33000 0.267609
-36000 34000 0.254445
-36000 35000 0.241880
-36000 36000 0.229901
-36000 37000 0.218493
-36000 38000 0.207639
-36000 39000 0.197323
-36000 40000 0.187525
-36000 41000 0.178227
-36000 42000 0.169408
-36000 43000 0.161049
-36000 44000 0.153130
-36000 45000 0.145630
-36000 46000 0.138531
-36000 47000 0.131813
-36000 48000 0.125457
-36000 49000 0.119446
-35000 -50000 0.117794
-35000 -49000 0.123801
-35000 -48000 0.130162
-35000 -47000 0.136895
-35000 -46000 0.144023
-35000 -45000 0.151566
-35000 -44000 0.159547
-35000 -43000 0.167987
-35000 -42000 0.176910
-35000 -41000 0.186339
-35000 -40000 0.196297
-35000 -39000 0.206807
-35000 -38000 0.217893
-35000 -37000 0.229577
-35000 -36000 0.241880
-35000 -35000 0.254824
-35000 -34000 0.268426
-35000 -33000 0.282704
-35000 -32000 0.297673
-35000 -31000 0.313343
-35000 -30000 0.329722
-35000 -29000 0.346814
-35000 -28000 0.364618
-35000 -27000 0.383126
-35000 -26000 0.402324
-35000 -25000 0.422191
-35000 -24000 0.442698
-35000 -23000 0.463805
-35000 -22000 0.485463
-35000 -21000 0.507613
-35000 -20000 0.530183
-35000 -19000 0.553087
-35000 -18000 0.576229
-35000 -17000 0.599497
-35000 -16000 0.622768
-35000 -15000 0.645903
-35000 -14000 0.668751
-35000 -13000 0.691152
-35000 -12000 0.712933
-35000 -11000 0.733914
-35000 -10000 0.753909
-35000 -9000 0.772731
-35000 -8000 0.790191
-35000 -7000 0.806107
-35000 -6000 0.820304
-35000 -5000 0.832621
-35000 -4000 0.842913
-35000 -3000 0.851054
-35000 -2000 0.856944
-35000 -1000 0.860508
-35000 0 0.861701
-35000 1000 0.860508
-35000 2000 0.856944
-35000 3000 0.851054
-35000 4000 0.842913
-35000 5000 0.832621
-35000 6000 0.820304
-35000 7000 0.806107
-35000 8000 0.790191
-35000 9000 0.772731
-35000 10000 0.753909
-35000 11000 0.733914
-35000 12000 0.712933
-35000 13000 0.691152
-35000 14000 0.668751
-35000 15000 0.645903
-35000 16000 0.622768
-35000 17000 0.599497
-35000 18000 0.576229
-35000 19000 0.553087
-35000 20000 0.530183
-35000 21000 0.507613
-35000 22000 0.485463
-35000 23000 0.463805
-35000 24000 0.442698
-35000 25000 0.422191
-35000 26000 0.402324
-35000 27000 0.383126
-35000 28000 0.364618
-35000 29000 0.346814
-35000 30000 0.329722
-35000 31000 0.313343
-35000 32000 0.297673
-35000 33000 0.282704
-35000 34000 0.268426
-35000 35000 0.254824
-35000 36000 0.241880
-35000 37000 0.229577
-35000 38000 0.217893
-35000 39000 0.206807
-35000 40000 0.196297
-35000 41000 0.186339
-35000 42000 0.176910
-35000 43000 0.167987
-35000 44000 0.159547
-35000 45000 0.151566
-35000 46000 0.144023
-35000 47000 0.136895
-35000 48000 0.130162
-35000 49000 0.123801
-34000 -50000 0.121932
-34000 -49000 0.128275
-34000 -48000 0.135001
-34000 -47000 0.142131
-34000 -46000 0.149689
-34000 -45000 0.157699
-34000 -44000 0.166187
-34000 -43000 0.175177
-34000 -42000 0.184696
-34000 -41000 0.194772
-34000 -40000 0.205431
-34000 -39000 0.216701
-34000 -38000 0.228609
-34000 -37000 0.241181
-34000 -36000 0.254445
-34000 -35000 0.268426
-34000 -34000 0.283147
-34000 -33000 0.298631
-34000 -32000 0.314897
-34000 -31000 0.331962
-34000 -30000 0.349839
-34000 -29000 0.368535
-34000 -28000 0.388054
-34000 -27000 0.408394
-34000 -26000 0.429543
-34000 -25000 0.451484
-34000 -24000 0.474188
-34000 -23000 0.497618
-34000 -22000 0.521723
-34000 -21000 0.546441
-34000 -20000 0.571695
-34000 -19000 0.597394
-34000 -18000 0.623431
-34000 -17000 0.649681
-34000 -16000 0.676005
-34000 -15000 0.702246
-34000 -14000 0.728232
-34000 -13000 0.753774
-34000 -12000 0.778672
-34000 -11000 0.802712
-34000 -10000 0.825676
-34000 -9000 0.847339
-34000 -8000 0.867475
-34000 -7000 0.885864
-34000 -6000 0.902294
-34000 -5000 0.916568
-34000 -4000 0.928509
-34000 -3000 0.937965
-34000 -2000 0.944811
-34000 -1000 0.948956
-34000 0 0.950344
-34000 1000 0.948956
-34000 2000 0.944811
-34000 3000 0.937965
-34000 4000 0.928509
-34000 5000 0.916568
-34000 6000 0.902294
-34000 7000 0.885864
-34000 8000 0.867475
-34000 9000 0.847339
-34000 10000 0.825676
-34000 11000 0.802712
-34000 12000 0.778672
-34000 13000 0.753774
-34000 14000 0.728232
-34000 15000 0.702246
-34000 16000 0.676005
-34000 17000 0.649681
-34000 18000 0.623431
-34000 19000 0.597394
-34000 20000 0.571695
-34000 21000 0.546441
-34000 22000 0.521723
-34000 23000 0.497618
-34000 24000 0.474188
-34000 25000 0.451484
-34000 26000 0.429543
-34000 27000 0.408394
-34000 28000 0.388054
-34000 29000 0.368535
-34000 30000 0.349839
-34000 31000 0.331962
-34000 32000 0.314897
-34000 33000 0.298631
-34000 34000 0.283147
-34000 35000 0.268426
-34000 36000 0.254445
-34000 37000 0.241181
-34000 38000 0.228609
-34000 39000 0.216701
-34000 40000 0.205431
-34000 41000 0.194772
-34000 42000 0.184696
-34000 43000 0.175177
-34000 44000 0.166187
-34000 45000 0.157699
-34000 46000 0.149689
-34000 47000 0.142131
-34000 48000 0.135001
-34000 49000 0.128275
-33000 -50000 0.126171
-33000 -49000 0.132864
-33000 -48000 0.139971
-33000 -47000 0.147516
-33000 -46000 0.155525
-33000 -45000 0.164026
-33000 -44000 0.173047
-33000 -43000 0.182617
-33000 -42000 0.192767
-33000 -41000 0.203528
-33000 -40000 0.214931
-33000 -39000 0.227008
-33000 -38000 0.239792
-33000 -37000 0.253315
-33000 -36000 0.267609
-33000 -35000 0.282704
-33000 -34000 0.298631
-33000 -33000 0.315418
-33000 -32000 0.333091
-33000 -31000 0.351672
-33000 -30000 0.371181
-33000 -29000 0.391633
-33000 -28000 0.413036
-33000 -27000 0.435395
-33000 -26000 0.458702
-33000 -25000 0.482945
-33000 -24000 0.508099
-33000 -23000 0.534127
-33000 -22000 0.560981
-33000 -21000 0.588596
-33000 -20000 0.616891
-33000 -19000 0.645768
-33000 -18000 0.675110
-33000 -17000 0.704780
-33000 -16000 0.734621
-33000 -15000 0.764454
-33000 -14000 0.794081
-33000 -13000 0.823283
-33000 -12000 0.851825
-33000 -11000 0.879457
-33000 -10000 0.905917
-33000 -9000 0.930935
-33000 -8000 0.954241
-33000 -7000 0.975567
-33000 -6000 0.994654
-33000 -5000 1.011264
-33000 -4000 1.025177
-33000 -3000 1.036206
-33000 -2000 1.044197
-33000 -1000 1.049038
-33000 0 1.050660
-33000 1000 1.049038
-33000 2000 1.044197
-33000 3000 1.036206
-33000 4000 1.025177
-33000 5000 1.011264
-33000 6000 0.994654
-33000 7000 0.975567
-33000 8000 0.954241
-33000 9000 0.930935
-33000 10000 0.905917
-33000 11000 0.879457
-33000 12000 0.851825
-33000 13000 0.823283
-33000 14000 0.794081
-33000 15000 0.764454
-33000 16000 0.734621
-33000 17000 0.704780
-33000 18000 0.675110
-33000 19000 0.645768
-33000 20000 0.616891
-33000 21000 0.588596
-33000 22000 0.560981
-33000 23000 0.534127
-33000 24000 0.508099
-33000 25000 0.482945
-33000 26000 0.458702
-33000 27000 0.435395
-33000 28000 0.413036
-33000 29000 0.391633
-33000 30000 0.371181
-33000 31000 0.351672
-33000 32000 0.333091
-33000 33000 0.315418
-33000 34000 0.298631
-33000 35000 0.282704
-33000 36000 0.267609
-33000 37000 0.253315
-33000 38000 0.239792
-33000 39000 0.227008
-33000 40000 0.214931
-33000 41000 0.203528
-33000 42000 0.192767
-33000 43000 0.182617
-33000 44000 0.173047
