-50000 -50000 0.035115
-50000 -49000 0.036360
-50000 -48000 0.037653
-50000 -47000 0.038998
-50000 -46000 0.040395
-50000 -45000 0.041845
-50000 -44000 0.043349
-50000 -43000 0.044909
-50000 -42000 0.046525
-50000 -41000 0.048199
-50000 -40000 0.049929
-50000 -39000 0.051717
-50000 -38000 0.053563
-50000 -37000 0.055466
-50000 -36000 0.057426
-50000 -35000 0.059442
-50000 -34000 0.061512
-50000 -33000 0.063636
-50000 -32000 0.065811
-50000 -31000 0.068034
-50000 -30000 0.070303
-50000 -29000 0.072613
-50000 -28000 0.074962
-50000 -27000 0.077343
-50000 -26000 0.079753
-50000 -25000 0.082185
-50000 -24000 0.084633
-50000 -23000 0.087090
-50000 -22000 0.089549
-50000 -21000 0.092000
-50000 -20000 0.094437
-50000 -19000 0.096848
-50000 -18000 0.099226
-50000 -17000 0.101559
-50000 -16000 0.103837
-50000 -15000 0.106050
-50000 -14000 0.108186
-50000 -13000 0.110236
-50000 -12000 0.112187
-50000 -11000 0.114029
-50000 -10000 0.115753
-50000 -9000 0.117346
-50000 -8000 0.118801
-50000 -7000 0.120108
-50000 -6000 0.121258
-50000 -5000 0.122244
-50000 -4000 0.123061
-50000 -3000 0.123701
-50000 -2000 0.124162
-50000 -1000 0.124440
-50000 0 0.124533
-50000 1000 0.124440
-50000 2000 0.124162
-50000 3000 0.123701
-50000 4000 0.123061
-50000 5000 0.122244
-50000 6000 0.121258
-50000 7000 0.120108
-50000 8000 0.118801
-50000 9000 0.117346
-50000 10000 0.115753
-50000 11000 0.114029
-50000 12000 0.112187
-50000 13000 0.110236
-50000 14000 0.108186
-50000 15000 0.106050
-50000 16000 0.103837
-50000 17000 0.101559
-50000 18000 0.099226
-50000 19000 0.096848
-50000 20000 0.094437
-50000 21000 0.092000
-50000 22000 0.089549
-50000 23000 0.087090
-50000 24000 0.084633
-50000 25000 0.082185
-50000 26000 0.079753
-50000 27000 0.077343
-50000 28000 0.074962
-50000 29000 0.072613
-50000 30000 0.070303
-50000 31000 0.068034
-50000 32000 0.065811
-50000 33000 0.063636
-50000 34000 0.061512
-50000 35000 0.059442
-50000 36000 0.057426
-50000 37000 0.055466
-50000 38000 0.053563
-50000 39000 0.051717
-50000 40000 0.049929
-50000 41000 0.048199
-50000 42000 0.046525
-50000 43000 0.044909
-50000 44000 0.043349
-50000 45000 0.041845
-50000 46000 0.040395
-50000 47000 0.038998
-50000 48000 0.037653
-50000 49000 0.036360
-49000 -50000 0.036360
-49000 -49000 0.037681
-49000 -48000 0.039056
-49000 -47000 0.040488
-49000 -46000 0.041976
-49000 -45000 0.043524
-49000 -44000 0.045132
-49000 -43000 0.046801
-49000 -42000 0.048532
-49000 -41000 0.050327
-49000 -40000 0.052186
-49000 -39000 0.054110
-49000 -38000 0.056098
-49000 -37000 0.058151
-49000 -36000 0.060268
-49000 -35000 0.062449
-49000 -34000 0.064692
-49000 -33000 0.066995
-49000 -32000 0.069358
-49000 -31000 0.071776
-49000 -30000 0.074248
-49000 -29000 0.076768
-49000 -28000 0.079334
-49000 -27000 0.081940
-49000 -26000 0.084580
-49000 -25000 0.087249
-49000 -24000 0.089938
-49000 -23000 0.092642
-49000 -22000 0.095350
-49000 -21000 0.098054
-49000 -20000 0.100745
-49000 -19000 0.103413
-49000 -18000 0.106045
-49000 -17000 0.108632
-49000 -16000 0.111160
-49000 -15000 0.113619
-49000 -14000 0.115996
-49000 -13000 0.118278
-49000 -12000 0.120453
-49000 -11000 0.122508
-49000 -10000 0.124432
-49000 -9000 0.126213
-49000 -8000 0.127839
-49000 -7000 0.129301
-49000 -6000 0.130589
-49000 -5000 0.131694
-49000 -4000 0.132608
-49000 -3000 0.133326
-49000 -2000 0.133843
-49000 -1000 0.134154
-49000 0 0.134258
-49000 1000 0.134154
-49000 2000 0.133843
-49000 3000 0.133326
-49000 4000 0.132608
-49000 5000 0.131694
-49000 6000 0.130589
-49000 7000 0.129301
-49000 8000 0.127839
-49000 9000 0.126213
-49000 10000 0.124432
-49000 11000 0.122508
-49000 12000 0.120453
-49000 13000 0.118278
-49000 14000 0.115996
-49000 15000 0.113619
-49000 16000 0.111160
-49000 17000 0.108632
-49000 18000 0.106045
-49000 19000 0.103413
-49000 20000 0.100745
-49000 21000 0.098054
-49000 22000 0.095350
-49000 23000 0.092642
-49000 24000 0.089938
-49000 25000 0.087249
-49000 26000 0.084580
-49000 27000 0.081940
-49000 28000 0.079334
-49000 29000 0.076768
-49000 30000 0.074248
-49000 31000 0.071776
-49000 32000 0.069358
-49000 33000 0.066995
-49000 34000 0.064692
-49000 35000 0.062449
-49000 36000 0.060268
-49000 37000 0.058151
-49000 38000 0.056098
-49000 39000 0.054110
-49000 40000 0.052186
-49000 41000 0.050327
-49000 42000 0.048532
-49000 43000 0.046801
-49000 44000 0.045132
-49000 45000 0.043524
-49000 46000 0.041976
-49000 47000 0.040488
-49000 48000 0.039056
-49000 49000 0.037681
-48000 -50000 0.037653
-48000 -49000 0.039056
-48000 -48000 0.040519
-48000 -47000 0.042042
-48000 -46000 0.043629
-48000 -45000 0.045281
-48000 -44000 0.046999
-48000 -43000 0.048785
-48000 -42000 0.050641
-48000 -41000 0.052567
-48000 -40000 0.054564
-48000 -39000 0.056634
-48000 -38000 0.058776
-48000 -37000 0.060991
-48000 -36000 0.063278
-48000 -35000 0.065638
-48000 -34000 0.068069
-48000 -33000 0.070569
-48000 -32000 0.073136
-48000 -31000 0.075769
-48000 -30000 0.078463
-48000 -29000 0.081215
-48000 -28000 0.084020
-48000 -27000 0.086873
-48000 -26000 0.089768
-48000 -25000 0.092698
-48000 -24000 0.095656
-48000 -23000 0.098633
-48000 -22000 0.101619
-48000 -21000 0.104606
-48000 -20000 0.107581
-48000 -19000 0.110534
-48000 -18000 0.113453
-48000 -17000 0.116324
-48000 -16000 0.119134
-48000 -15000 0.121870
-48000 -14000 0.124518
-48000 -13000 0.127062
-48000 -12000 0.129490
-48000 -11000 0.131786
-48000 -10000 0.133937
-48000 -9000 0.135930
-48000 -8000 0.137752
-48000 -7000 0.139390
-48000 -6000 0.140834
-48000 -5000 0.142074
-48000 -4000 0.143101
-48000 -3000 0.143907
-48000 -2000 0.144487
-48000 -1000 0.144837
-48000 0 0.144954
-48000 1000 0.144837
-48000 2000 0.144487
-48000 3000 0.143907
-48000 4000 0.143101
-48000 5000 0.142074
-48000 6000 0.140834
-48000 7000 0.139390
-48000 8000 0.137752
-48000 9000 0.135930
-48000 10000 0.133937
-48000 11000 0.131786
-48000 12000 0.129490
-48000 13000 0.127062
-48000 14000 0.124518
-48000 15000 0.121870
-48000 16000 0.119134
-48000 17000 0.116324
-48000 18000 0.113453
-48000 19000 0.110534
-48000 20000 0.107581
-48000 21000 0.104606
-48000 22000 0.101619
-48000 23000 0.098633
-48000 24000 0.095656
-48000 25000 0.092698
-48000 26000 0.089768
-48000 27000 0.086873
-48000 28000 0.084020
-48000 29000 0.081215
-48000 30000 0.078463
-48000 31000 0.075769
-48000 32000 0.073136
-48000 33000 0.070569
-48000 34000 0.068069
-48000 35000 0.065638
-48000 36000 0.063278
-48000 37000 0.060991
-48000 38000 0.058776
-48000 39000 0.056634
-48000 40000 0.054564
-48000 41000 0.052567
-48000 42000 0.050641
-48000 43000 0.048785
-48000 44000 0.046999
-48000 45000 0.045281
-48000 46000 0.043629
-48000 47000 0.042042
-48000 48000 0.040519
-48000 49000 0.039056
-47000 -50000 0.038998
-47000 -49000 0.040488
-47000 -48000 0.042042
-47000 -47000 0.043664
-47000 -46000 0.045356
-47000 -45000 0.047119
-47000 -44000 0.048955
-47000 -43000 0.050866
-47000 -42000 0.052855
-47000 -41000 0.054921
-47000 -40000 0.057068
-47000 -39000 0.059295
-47000 -38000 0.061604
-47000 -37000 0.063995
-47000 -36000 0.066467
-47000 -35000 0.069021
-47000 -34000 0.071656
-47000 -33000 0.074371
-47000 -32000 0.077163
-47000 -31000 0.080029
-47000 -30000 0.082968
-47000 -29000 0.085974
-47000 -28000 0.089042
-47000 -27000 0.092168
-47000 -26000 0.095345
-47000 -25000 0.098565
-47000 -24000 0.101820
-47000 -23000 0.105101
-47000 -22000 0.108398
-47000 -21000 0.111699
-47000 -20000 0.114993
-47000 -19000 0.118266
-47000 -18000 0.121506
-47000 -17000 0.124697
-47000 -16000 0.127824
-47000 -15000 0.130872
-47000 -14000 0.133825
-47000 -13000 0.136667
-47000 -12000 0.139381
-47000 -11000 0.141950
-47000 -10000 0.144360
-47000 -9000 0.146594
-47000 -8000 0.148637
-47000 -7000 0.150477
-47000 -6000 0.152099
-47000 -5000 0.153492
-47000 -4000 0.154646
-47000 -3000 0.155553
-47000 -2000 0.156206
-47000 -1000 0.156600
-47000 0 0.156731
-47000 1000 0.156600
-47000 2000 0.156206
-47000 3000 0.155553
-47000 4000 0.154646
-47000 5000 0.153492
-47000 6000 0.152099
-47000 7000 0.150477
-47000 8000 0.148637
-47000 9000 0.146594
-47000 10000 0.144360
-47000 11000 0.141950
-47000 12000 0.139381
-47000 13000 0.136667
-47000 14000 0.133825
-47000 15000 0.130872
-47000 16000 0.127824
-47000 17000 0.124697
-47000 18000 0.121506
-47000 19000 0.118266
-47000 20000 0.114993
-47000 21000 0.111699
-47000 22000 0.108398
-47000 23000 0.105101
-47000 24000 0.101820
-47000 25000 0.098565
-47000 26000 0.095345
-47000 27000 0.092168
-47000 28000 0.089042
-47000 29000 0.085974
-47000 30000 0.082968
-47000 31000 0.080029
-47000 32000 0.077163
-47000 33000 0.074371
-47000 34000 0.071656
-47000 35000 0.069021
-47000 36000 0.066467
-47000 37000 0.063995
-47000 38000 0.061604
-47000 39000 0.059295
-47000 40000 0.057068
-47000 41000 0.054921
-47000 42000 0.052855
-47000 43000 0.050866
-47000 44000 0.048955
-47000 45000 0.047119
-47000 46000 0.045356
-47000 47000 0.043664
-47000 48000 0.042042
-47000 49000 0.040488
-46000 -50000 0.040395
-46000 -49000 0.041976
-46000 -48000 0.043629
-46000 -47000 0.045356
-46000 -46000 0.047159
-46000 -45000 0.049040
-46000 -44000 0.051003
-46000 -43000 0.053048
-46000 -42000 0.055179
-46000 -41000 0.057397
-46000 -40000 0.059704
-46000 -39000 0.062101
-46000 -38000 0.064590
-46000 -37000 0.067171
-46000 -36000 0.069844
-46000 -35000 0.072610
-46000 -34000 0.075467
-46000 -33000 0.078416
-46000 -32000 0.081453
-46000 -31000 0.084576
-46000 -30000 0.087782
-46000 -29000 0.091068
-46000 -28000 0.094427
-46000 -27000 0.097854
-46000 -26000 0.101342
-46000 -25000 0.104884
-46000 -24000 0.108470
-46000 -23000 0.112089
-46000 -22000 0.115732
-46000 -21000 0.119384
-46000 -20000 0.123035
-46000 -19000 0.126667
-46000 -18000 0.130267
-46000 -17000 0.133818
-46000 -16000 0.137303
-46000 -15000 0.140704
-46000 -14000 0.144002
-46000 -13000 0.147180
-46000 -12000 0.150218
-46000 -11000 0.153098
-46000 -10000 0.155801
-46000 -9000 0.158310
-46000 -8000 0.160606
-46000 -7000 0.162675
-46000 -6000 0.164500
-46000 -5000 0.166069
-46000 -4000 0.167369
-46000 -3000 0.168392
-46000 -2000 0.169127
-46000 -1000 0.169571
-46000 0 0.169720
-46000 1000 0.169571
-46000 2000 0.169127
-46000 3000 0.168392
-46000 4000 0.167369
-46000 5000 0.166069
-46000 6000 0.164500
-46000 7000 0.162675
-46000 8000 0.160606
-46000 9000 0.158310
-46000 10000 0.155801
-46000 11000 0.153098
-46000 12000 0.150218
-46000 13000 0.147180
-46000 14000 0.144002
-46000 15000 0.140704
-46000 16000 0.137303
-46000 17000 0.133818
-46000 18000 0.130267
-46000 19000 0.126667
-46000 20000 0.123035
-46000 21000 0.119384
-46000 22000 0.115732
-46000 23000 0.112089
-46000 24000 0.108470
-46000 25000 0.104884
-46000 26000 0.101342
-46000 27000 0.097854
-46000 28000 0.094427
-46000 29000 0.091068
-46000 30000 0.087782
-46000 31000 0.084576
-46000 32000 0.081453
-46000 33000 0.078416
-46000 34000 0.075467
-46000 35000 0.072610
-46000 36000 0.069844
-46000 37000 0.067171
-46000 38000 0.064590
-46000 39000 0.062101
-46000 40000 0.059704
-46000 41000 0.057397
-46000 42000 0.055179
-46000 43000 0.053048
-46000 44000 0.051003
-46000 45000 0.049040
-46000 46000 0.047159
-46000 47000 0.045356
-46000 48000 0.043629
-46000 49000 0.041976
-45000 -50000 0.041845
-45000 -49000 0.043524
-45000 -48000 0.045281
-45000 -47000 0.047119
-45000 -46000 0.049040
-45000 -45000 0.051048
-45000 -44000 0.053146
-45000 -43000 0.055335
-45000 -42000 0.057619
-45000 -41000 0.059999
-45000 -40000 0.062479
-45000 -39000 0.065059
-45000 -38000 0.067742
-45000 -37000 0.070529
-45000 -36000 0.073420
-45000 -35000 0.076415
-45000 -34000 0.079515
-45000 -33000 0.082718
-45000 -32000 0.086023
-45000 -31000 0.089428
-45000 -30000 0.092929
-45000 -29000 0.096521
-45000 -28000 0.100201
-45000 -27000 0.103961
-45000 -26000 0.107794
-45000 -25000 0.111692
-45000 -24000 0.115645
-45000 -23000 0.119642
-45000 -22000 0.123670
-45000 -21000 0.127716
-45000 -20000 0.131765
-45000 -19000 0.135801
-45000 -18000 0.139806
-45000 -17000 0.143763
-45000 -16000 0.147651
-45000 -15000 0.151450
-45000 -14000 0.155140
-45000 -13000 0.158700
-45000 -12000 0.162106
-45000 -11000 0.165339
-45000 -10000 0.168377
-45000 -9000 0.171198
-45000 -8000 0.173784
-45000 -7000 0.176114
-45000 -6000 0.178172
-45000 -5000 0.179942
-45000 -4000 0.181410
-45000 -3000 0.182564
-45000 -2000 0.183395
-45000 -1000 0.183896
-45000 0 0.184064
-45000 1000 0.183896
-45000 2000 0.183395
-45000 3000 0.182564
-45000 4000 0.181410
-45000 5000 0.179942
-45000 6000 0.178172
-45000 7000 0.176114
-45000 8000 0.173784
-45000 9000 0.171198
-45000 10000 0.168377
-45000 11000 0.165339
-45000 12000 0.162106
-45000 13000 0.158700
-45000 14000 0.155140
-45000 15000 0.151450
-45000 16000 0.147651
-45000 17000 0.143763
-45000 18000 0.139806
-45000 19000 0.135801
-45000 20000 0.131765
-45000 21000 0.127716
-45000 22000 0.123670
-45000 23000 0.119642
-45000 24000 0.115645
-45000 25000 0.111692
-45000 26000 0.107794
-45000 27000 0.103961
-45000 28000 0.100201
-45000 29000 0.096521
-45000 30000 0.092929
-45000 31000 0.089428
-45000 32000 0.086023
-45000 33000 0.082718
-45000 34000 0.079515
-45000 35000 0.076415
-45000 36000 0.073420
-45000 37000 0.070529
-45000 38000 0.067742
-45000 39000 0.065059
-45000 40000 0.062479
-45000 41000 0.059999
-45000 42000 0.057619
-45000 43000 0.055335
-45000 44000 0.053146
-45000 45000 0.051048
-45000 46000 0.049040
-45000 47000 0.047119
-45000 48000 0.045281
-45000 49000 0.043524
-44000 -50000 0.043349
-44000 -49000 0.045132
-44000 -48000 0.046999
-44000 -47000 0.048955
-44000 -46000 0.051003
-44000 -45000 0.053146
-44000 -44000 0.055387
-44000 -43000 0.057730
-44000 -42000 0.060177
-44000 -41000 0.062733
-44000 -40000 0.065398
-44000 -39000 0.068176
-44000 -38000 0.071069
-44000 -37000 0.074078
-44000 -36000 0.077205
-44000 -35000 0.080450
-44000 -34000 0.083814
-44000 -33000 0.087295
-44000 -32000 0.090893
-44000 -31000 0.094606
-44000 -30000 0.098429
-44000 -29000 0.102360
-44000 -28000 0.106393
-44000 -27000 0.110521
-44000 -26000 0.114736
-44000 -25000 0.119029
-44000 -24000 0.123391
-44000 -23000 0.127808
-44000 -22000 0.132267
-44000 -21000 0.136753
-44000 -20000 0.141249
-44000 -19000 0.145738
-44000 -18000 0.150200
-44000 -17000 0.154613
-44000 -16000 0.158957
-44000 -15000 0.163208
-44000 -14000 0.167342
-44000 -13000 0.171335
-44000 -12000 0.175161
-44000 -11000 0.178796
-44000 -10000 0.182216
-44000 -9000 0.185395
-44000 -8000 0.188310
-44000 -7000 0.190941
-44000 -6000 0.193266
-44000 -5000 0.195266
-44000 -4000 0.196926
-44000 -3000 0.198232
-44000 -2000 0.199173
-44000 -1000 0.199740
-44000 0 0.199930
-44000 1000 0.199740
-44000 2000 0.199173
-44000 3000 0.198232
-44000 4000 0.196926
-44000 5000 0.195266
-44000 6000 0.193266
-44000 7000 0.190941
-44000 8000 0.188310
-44000 9000 0.185395
-44000 10000 0.182216
-44000 11000 0.178796
-44000 12000 0.175161
-44000 13000 0.171335
-44000 14000 0.167342
-44000 15000 0.163208
-44000 16000 0.158957
-44000 17000 0.154613
-44000 18000 0.150200
-44000 19000 0.145738
-44000 20000 0.141249
-44000 21000 0.136753
-44000 22000 0.132267
-44000 23000 0.127808
-44000 24000 0.123391
-44000 25000 0.119029
-44000 26000 0.114736
-44000 27000 0.110521
-44000 28000 0.106393
-44000 29000 0.102360
-44000 30000 0.098429
-44000 31000 0.094606
-44000 32000 0.090893
-44000 33000 0.087295
-44000 34000 0.083814
-44000 35000 0.080450
-44000 36000 0.077205
-44000 37000 0.074078
-44000 38000 0.071069
-44000 39000 0.068176
-44000 40000 0.065398
-44000 41000 0.062733
-44000 42000 0.060177
-44000 43000 0.057730
-44000 44000 0.055387
-44000 45000 0.053146
-44000 46000 0.051003
-44000 47000 0.048955
-44000 48000 0.046999
-44000 49000 0.045132
-43000 -50000 0.044909
-43000 -49000 0.046801
-43000 -48000 0.048785
-43000 -47000 0.050866
-43000 -46000 0.053048
-43000 -45000 0.055335
-43000 -44000 0.057730
-43000 -43000 0.060237
-43000 -42000 0.062860
-43000 -41000 0.065603
-43000 -40000 0.068468
-43000 -39000 0.071459
-43000 -38000 0.074578
-43000 -37000 0.077828
-43000 -36000 0.081210
-43000 -35000 0.084727
-43000 -34000 0.088378
-43000 -33000 0.092163
-43000 -32000 0.096081
-43000 -31000 0.100131
-43000 -30000 0.104309
-43000 -29000 0.108612
-43000 -28000 0.113034
-43000 -27000 0.117568
-43000 -26000 0.122207
-43000 -25000 0.126939
-43000 -24000 0.131755
-43000 -23000 0.136640
-43000 -22000 0.141581
-43000 -21000 0.146559
-43000 -20000 0.151558
-43000 -19000 0.156556
-43000 -18000 0.161532
-43000 -17000 0.166463
-43000 -16000 0.171322
-43000 -15000 0.176085
-43000 -14000 0.180723
-43000 -13000 0.185209
-43000 -12000 0.189514
-43000 -11000 0.193608
-43000 -10000 0.197464
-43000 -9000 0.201053
-43000 -8000 0.204347
-43000 -7000 0.207322
-43000 -6000 0.209954
-43000 -5000 0.212219
-43000 -4000 0.214101
-43000 -3000 0.215581
-43000 -2000 0.216648
-43000 -1000 0.217292
-43000 0 0.217507
-43000 1000 0.217292
-43000 2000 0.216648
-43000 3000 0.215581
-43000 4000 0.214101
-43000 5000 0.212219
-43000 6000 0.209954
-43000 7000 0.207322
-43000 8000 0.204347
-43000 9000 0.201053
-43000 10000 0.197464
-43000 11000 0.193608
-43000 12000 0.189514
-43000 13000 0.185209
-43000 14000 0.180723
-43000 15000 0.176085
-43000 16000 0.171322
-43000 17000 0.166463
-43000 18000 0.161532
-43000 19000 0.156556
-43000 20000 0.151558
-43000 21000 0.146559
-43000 22000 0.141581
-43000 23000 0.136640
-43000 24000 0.131755
-43000 25000 0.126939
-43000 26000 0.122207
-43000 27000 0.117568
-43000 28000 0.113034
-43000 29000 0.108612
-43000 30000 0.104309
-43000 31000 0.100131
-43000 32000 0.096081
-43000 33000 0.092163
-43000 34000 0.088378
-43000 35000 0.084727
-43000 36000 0.081210
-43000 37000 0.077828
-43000 38000 0.074578
-43000 39000 0.071459
-43000 40000 0.068468
-43000 41000 0.065603
-43000 42000 0.062860
-43000 43000 0.060237
-43000 44000 0.057730
-43000 45000 0.055335
-43000 46000 0.053048
-43000 47000 0.050866
-43000 48000 0.048785
-43000 49000 0.046801
-42000 -50000 0.046525
-42000 -49000 0.048532
-42000 -48000 0.050641
-42000 -47000 0.052855
-42000 -46000 0.055179
-42000 -45000 0.057619
-42000 -44000 0.060177
-42000 -43000 0.062860
-42000 -42000 0.065671
-42000 -41000 0.068614
-42000 -40000 0.071694
-42000 -39000 0.074914
-42000 -38000 0.078278
-42000 -37000 0.081788
-42000 -36000 0.085448
-42000 -35000 0.089258
-42000 -34000 0.093222
-42000 -33000 0.097338
-42000 -32000 0.101606
-42000 -31000 0.106026
-42000 -30000 0.110594
-42000 -29000 0.115306
-42000 -28000 0.120157
-42000 -27000 0.125141
-42000 -26000 0.130248
-42000 -25000 0.135468
-42000 -24000 0.140789
-42000 -23000 0.146198
-42000 -22000 0.151676
-42000 -21000 0.157207
-42000 -20000 0.162770
-42000 -19000 0.168342
-42000 -18000 0.173898
-42000 -17000 0.179413
-42000 -16000 0.184857
-42000 -15000 0.190200
-42000 -14000 0.195412
-42000 -13000 0.200460
-42000 -12000 0.205311
-42000 -11000 0.209931
-42000 -10000 0.214287
-42000 -9000 0.218346
-42000 -8000 0.222077
-42000 -7000 0.225448
-42000 -6000 0.228433
-42000 -5000 0.231004
-42000 -4000 0.233141
-42000 -3000 0.234824
-42000 -2000 0.236037
-42000 -1000 0.236769
-42000 0 0.237014
-42000 1000 0.236769
-42000 2000 0.236037
-42000 3000 0.234824
-42000 4000 0.233141
-42000 5000 0.231004
-42000 6000 0.228433
-42000 7000 0.225448
-42000 8000 0.222077
-42000 9000 0.218346
-42000 10000 0.214287
-42000 11000 0.209931
-42000 12000 0.205311
-42000 13000 0.200460
-42000 14000 0.195412
-42000 15000 0.190200
-42000 16000 0.184857
-42000 17000 0.179413
-42000 18000 0.173898
-42000 19000 0.168342
-42000 20000 0.162770
-42000 21000 0.157207
-42000 22000 0.151676
-42000 23000 0.146198
-42000 24000 0.140789
-42000 25000 0.135468
-42000 26000 0.130248
-42000 27000 0.125141
-42000 28000 0.120157
-42000 29000 0.115306
-42000 30000 0.110594
-42000 31000 0.106026
-42000 32000 0.101606
-42000 33000 0.097338
-42000 34000 0.093222
-42000 35000 0.089258
-42000 36000 0.085448
-42000 37000 0.081788
-42000 38000 0.078278
-42000 39000 0.074914
-42000 40000 0.071694
-42000 41000 0.068614
-42000 42000 0.065671
-42000 43000 0.062860
-42000 44000 0.060177
-42000 45000 0.057619
-42000 46000 0.055179
-42000 47000 0.052855
-42000 48000 0.050641
-42000 49000 0.048532
-41000 -50000 0.048199
-41000 -49000 0.050327
-41000 -48000 0.052567
-41000 -47000 0.054921
-41000 -46000 0.057397
-41000 -45000 0.059999
-41000 -44000 0.062733
-41000 -43000 0.065603
-41000 -42000 0.068614
-41000 -41000 0.071773
-41000 -40000 0.075083
-41000 -39000 0.078550
-41000 -38000 0.082177
-41000 -37000 0.085969
-41000 -36000 0.089928
-41000 -35000 0.094058
-41000 -34000 0.098362
-41000 -33000 0.102838
-41000 -32000 0.107490
-41000 -31000 0.112314
-41000 -30000 0.117309
-41000 -29000 0.122472
-41000 -28000 0.127797
-41000 -27000 0.133277
-41000 -26000 0.138904
-41000 -25000 0.144666
-41000 -24000 0.150550
-41000 -23000 0.156542
-41000 -22000 0.162623
-41000 -21000 0.168773
-41000 -20000 0.174970
-41000 -19000 0.181188
-41000 -18000 0.187401
-41000 -17000 0.193576
-41000 -16000 0.199684
-41000 -15000 0.205688
-41000 -14000 0.211554
-41000 -13000 0.217244
-41000 -12000 0.222720
-41000 -11000 0.227943
-41000 -10000 0.232874
-41000 -9000 0.237474
-41000 -8000 0.241706
-41000 -7000 0.245536
-41000 -6000 0.248928
-41000 -5000 0.251854
-41000 -4000 0.254287
-41000 -3000 0.256203
-41000 -2000 0.257586
-41000 -1000 0.258420
-41000 0 0.258699
-41000 1000 0.258420
-41000 2000 0.257586
-41000 3000 0.256203
-41000 4000 0.254287
-41000 5000 0.251854
-41000 6000 0.248928
-41000 7000 0.245536
-41000 8000 0.241706
-41000 9000 0.237474
-41000 10000 0.232874
-41000 11000 0.227943
-41000 12000 0.222720
-41000 13000 0.217244
-41000 14000 0.211554
-41000 15000 0.205688
-41000 16000 0.199684
-41000 17000 0.193576
-41000 18000 0.187401
-41000 19000 0.181188
-41000 20000 0.174970
-41000 21000 0.168773
-41000 22000 0.162623
-41000 23000 0.156542
-41000 24000 0.150550
-41000 25000 0.144666
-41000 26000 0.138904
-41000 27000 0.133277
-41000 28000 0.127797
-41000 29000 0.122472
-41000 30000 0.117309
-41000 31000 0.112314
-41000 32000 0.107490
-41000 33000 0.102838
-41000 34000 0.098362
-41000 35000 0.094058
-41000 36000 0.089928
-41000 37000 0.085969
-41000 38000 0.082177
-41000 39000 0.078550
-41000 40000 0.075083
-41000 41000 0.071773
-41000 42000 0.068614
-41000 43000 0.065603
-41000 44000 0.062733
-41000 45000 0.059999
-41000 46000 0.057397
-41000 47000 0.054921
-41000 48000 0.052567
-41000 49000 0.050327
-40000 -50000 0.049929
-40000 -49000 0.052186
-40000 -48000 0.054564
-40000 -47000 0.057068
-40000 -46000 0.059704
-40000 -45000 0.062479
-40000 -44000 0.065398
-40000 -43000 0.068468
-40000 -42000 0.071694
-40000 -41000 0.075083
-40000 -40000 0.078641
-40000 -39000 0.082372
-40000 -38000 0.086283
-40000 -37000 0.090379
-40000 -36000 0.094663
-40000 -35000 0.099140
-40000 -34000 0.103813
-40000 -33000 0.108683
-40000 -32000 0.113752
-40000 -31000 0.119020
-40000 -30000 0.124484
-40000 -29000 0.130143
-40000 -28000 0.135990
-40000 -27000 0.142019
-40000 -26000 0.148222
-40000 -25000 0.154586
-40000 -24000 0.161098
-40000 -23000 0.167741
-40000 -22000 0.174497
-40000 -21000 0.181342
-40000 -20000 0.188253
-40000 -19000 0.195200
-40000 -18000 0.202154
-40000 -17000 0.209080
-40000 -16000 0.215941
-40000 -15000 0.222699
-40000 -14000 0.229312
-40000 -13000 0.235737
-40000 -12000 0.241930
-40000 -11000 0.247846
-40000 -10000 0.253438
-40000 -9000 0.258663
-40000 -8000 0.263476
-40000 -7000 0.267835
-40000 -6000 0.271701
-40000 -5000 0.275038
-40000 -4000 0.277814
-40000 -3000 0.280003
-40000 -2000 0.281582
-40000 -1000 0.282536
-40000 0 0.282855
-40000 1000 0.282536
-40000 2000 0.281582
-40000 3000 0.280003
-40000 4000 0.277814
-40000 5000 0.275038
-40000 6000 0.271701
-40000 7000 0.267835
-40000 8000 0.263476
-40000 9000 0.258663
-40000 10000 0.253438
-40000 11000 0.247846
-40000 12000 0.241930
-40000 13000 0.235737
-40000 14000 0.229312
-40000 15000 0.222699
-40000 16000 0.215941
-40000 17000 0.209080
-40000 18000 0.202154
-40000 19000 0.195200
-40000 20000 0.188253
-40000 21000 0.181342
-40000 22000 0.174497
-40000 23000 0.167741
-40000 24000 0.161098
-40000 25000 0.154586
-40000 26000 0.148222
-40000 27000 0.142019
-40000 28000 0.135990
-40000 29000 0.130143
-40000 30000 0.124484
-40000 31000 0.119020
-40000 32000 0.113752
-40000 33000 0.108683
-40000 34000 0.103813
-40000 35000 0.099140
-40000 36000 0.094663
-40000 37000 0.090379
-40000 38000 0.086283
-40000 39000 0.082372
-40000 40000 0.078641
-40000 41000 0.075083
-40000 42000 0.071694
-40000 43000 0.068468
-40000 44000 0.065398
-40000 45000 0.062479
-40000 46000 0.059704
-40000 47000 0.057068
-40000 48000 0.054564
-40000 49000 0.052186
-39000 -50000 0.051717
-39000 -49000 0.054110
-39000 -48000 0.056634
-39000 -47000 0.059295
-39000 -46000 0.062101
-39000 -45000 0.065059
-39000 -44000 0.068176
-39000 -43000 0.071459
-39000 -42000 0.074914
-39000 -41000 0.078550
-39000 -40000 0.082372
-39000 -39000 0.086389
-39000 -38000 0.090606
-39000 -37000 0.095029
-39000 -36000 0.099665
-39000 -35000 0.104518
-39000 -34000 0.109592
-39000 -33000 0.114890
-39000 -32000 0.120416
-39000 -31000 0.126168
-39000 -30000 0.132148
-39000 -29000 0.138351
-39000 -28000 0.144775
-39000 -27000 0.151411
-39000 -26000 0.158252
-39000 -25000 0.165285
-39000 -24000 0.172496
-39000 -23000 0.179868
-39000 -22000 0.187379
-39000 -21000 0.195006
-39000 -20000 0.202721
-39000 -19000 0.210492
-39000 -18000 0.218286
-39000 -17000 0.226063
-39000 -16000 0.233783
-39000 -15000 0.241401
-39000 -14000 0.248868
-39000 -13000 0.256137
-39000 -12000 0.263155
-39000 -11000 0.269869
-39000 -10000 0.276226
-39000 -9000 0.282173
-39000 -8000 0.287659
-39000 -7000 0.292634
-39000 -6000 0.297050
-39000 -5000 0.300866
-39000 -4000 0.304043
-39000 -3000 0.306549
-39000 -2000 0.308358
-39000 -1000 0.309451
-39000 0 0.309817
-39000 1000 0.309451
-39000 2000 0.308358
-39000 3000 0.306549
-39000 4000 0.304043
-39000 5000 0.300866
-39000 6000 0.297050
-39000 7000 0.292634
-39000 8000 0.287659
-39000 9000 0.282173
-39000 10000 0.276226
-39000 11000 0.269869
-39000 12000 0.263155
-39000 13000 0.256137
-39000 14000 0.248868
-39000 15000 0.241401
-39000 16000 0.233783
-39000 17000 0.226063
-39000 18000 0.218286
-39000 19000 0.210492
-39000 20000 0.202721
-39000 21000 0.195006
-39000 22000 0.187379
-39000 23000 0.179868
-39000 24000 0.172496
-39000 25000 0.165285
-39000 26000 0.158252
-39000 27000 0.151411
-39000 28000 0.144775
-39000 29000 0.138351
-39000 30000 0.132148
-39000 31000 0.126168
-39000 32000 0.120416
-39000 33000 0.114890
-39000 34000 0.109592
-39000 35000 0.104518
-39000 36000 0.099665
-39000 37000 0.095029
-39000 38000 0.090606
-39000 39000 0.086389
-39000 40000 0.082372
-39000 41000 0.078550
-39000 42000 0.074914
-39000 43000 0.071459
-39000 44000 0.068176
-39000 45000 0.065059
-39000 46000 0.062101
-39000 47000 0.059295
-39000 48000 0.056634
-39000 49000 0.054110
-38000 -50000 0.053563
-38000 -49000 0.056098
-38000 -48000 0.058776
-38000 -47000 0.061604
-38000 -46000 0.064590
-38000 -45000 0.067742
-38000 -44000 0.071069
-38000 -43000 0.074578
-38000 -42000 0.078278
-38000 -41000 0.082177
-38000 -40000 0.086283
-38000 -39000 0.090606
-38000 -38000 0.095152
-38000 -37000 0.099929
-38000 -36000 0.104944
-38000 -35000 0.110204
-38000 -34000 0.115714
-38000 -33000 0.121479
-38000 -32000 0.127502
-38000 -31000 0.133786
-38000 -30000 0.140330
-38000 -29000 0.147133
-38000 -28000 0.154192
-38000 -27000 0.161500
-38000 -26000 0.169048
-38000 -25000 0.176825
-38000 -24000 0.184816
-38000 -23000 0.193002
-38000 -22000 0.201361
-38000 -21000 0.209866
-38000 -20000 0.218488
-38000 -19000 0.227191
-38000 -18000 0.235937
-38000 -17000 0.244683
-38000 -16000 0.253382
-38000 -15000 0.261983
-38000 -14000 0.270432
-38000 -13000 0.278670
-38000 -12000 0.286639
-38000 -11000 0.294276
-38000 -10000 0.301519
-38000 -9000 0.308305
-38000 -8000 0.314574
-38000 -7000 0.320265
-38000 -6000 0.325324
-38000 -5000 0.329700
-38000 -4000 0.333346
-38000 -3000 0.336224
-38000 -2000 0.338303
-38000 -1000 0.339559
-38000 0 0.339980
-38000 1000 0.339559
-38000 2000 0.338303
-38000 3000 0.336224
-38000 4000 0.333346
-38000 5000 0.329700
-38000 6000 0.325324
-38000 7000 0.320265
-38000 8000 0.314574
-38000 9000 0.308305
-38000 10000 0.301519
-38000 11000 0.294276
-38000 12000 0.286639
-38000 13000 0.278670
-38000 14000 0.270432
-38000 15000 0.261983
-38000 16000 0.253382
-38000 17000 0.244683
-38000 18000 0.235937
-38000 19000 0.227191
-38000 20000 0.218488
-38000 21000 0.209866
-38000 22000 0.201361
-38000 23000 0.193002
-38000 24000 0.184816
-38000 25000 0.176825
-38000 26000 0.169048
-38000 27000 0.161500
-38000 28000 0.154192
-38000 29000 0.147133
-38000 30000 0.140330
-38000 31000 0.133786
-38000 32000 0.127502
-38000 33000 0.121479
-38000 34000 0.115714
-38000 35000 0.110204
-38000 36000 0.104944
-38000 37000 0.099929
-38000 38000 0.095152
-38000 39000 0.090606
-38000 40000 0.086283
-38000 41000 0.082177
-38000 42000 0.078278
-38000 43000 0.074578
-38000 44000 0.071069
-38000 45000 0.067742
-38000 46000 0.064590
-38000 47000 0.061604
-38000 48000 0.058776
-38000 49000 0.056098
-37000 -50000 0.055466
-37000 -49000 0.058151
-37000 -48000 0.060991
-37000 -47000 0.063995
-37000 -46000 0.067171
-37000 -45000 0.070529
-37000 -44000 0.074078
-37000 -43000 0.077828
-37000 -42000 0.081788
-37000 -41000 0.085969
-37000 -40000 0.090379
-37000 -39000 0.095029
-37000 -38000 0.099929
-37000 -37000 0.105087
-37000 -36000 0.110512
-37000 -35000 0.116213
-37000 -34000 0.122196
-37000 -33000 0.128468
-37000 -32000 0.135035
-37000 -31000 0.141899
-37000 -30000 0.149062
-37000 -29000 0.156525
-37000 -28000 0.164284
-37000 -27000 0.172334
-37000 -26000 0.180667
-37000 -25000 0.189272
-37000 -24000 0.198132
-37000 -23000 0.207228
-37000 -22000 0.216538
-37000 -21000 0.226032
-37000 -20000 0.235677
-37000 -19000 0.245435
-37000 -18000 0.255264
-37000 -17000 0.265114
-37000 -16000 0.274932
-37000 -15000 0.284661
-37000 -14000 0.294236
-37000 -13000 0.303593
-37000 -12000 0.312661
-37000 -11000 0.321368
-37000 -10000 0.329641
-37000 -9000 0.337405
-37000 -8000 0.344587
-37000 -7000 0.351118
-37000 -6000 0.356931
-37000 -5000 0.361963
-37000 -4000 0.366161
-37000 -3000 0.369477
-37000 -2000 0.371873
-37000 -1000 0.373322
-37000 0 0.373807
-37000 1000 0.373322
-37000 2000 0.371873
-37000 3000 0.369477
-37000 4000 0.366161
-37000 5000 0.361963
-37000 6000 0.356931
-37000 7000 0.351118
-37000 8000 0.344587
-37000 9000 0.337405
-37000 10000 0.329641
-37000 11000 0.321368
-37000 12000 0.312661
-37000 13000 0.303593
-37000 14000 0.294236
-37000 15000 0.284661
-37000 16000 0.274932
-37000 17000 0.265114
-37000 18000 0.255264
-37000 19000 0.245435
-37000 20000 0.235677
-37000 21000 0.226032
-37000 22000 0.216538
-37000 23000 0.207228
-37000 24000 0.198132
-37000 25000 0.189272
-37000 26000 0.180667
-37000 27000 0.172334
-37000 28000 0.164284
-37000 29000 0.156525
-37000 30000 0.149062
-37000 31000 0.141899
-37000 32000 0.135035
-37000 33000 0.128468
-37000 34000 0.122196
-37000 35000 0.116213
-37000 36000 0.110512
-37000 37000 0.105087
-37000 38000 0.099929
-37000 39000 0.095029
-37000 40000 0.090379
-37000 41000 0.085969
-37000 42000 0.081788
-37000 43000 0.077828
-37000 44000 0.074078
-37000 45000 0.070529
-37000 46000 0.067171
-37000 47000 0.063995
-37000 48000 0.060991
-37000 49000 0.058151
-36000 -50000 0.057426
-36000 -49000 0.060268
-36000 -48000 0.063278
-36000 -47000 0.066467
-36000 -46000 0.069844
-36000 -45000 0.073420
-36000 -44000 0.077205
-36000 -43000 0.081210
-36000 -42000 0.085448
-36000 -41000 0.089928
-36000 -40000 0.094663
-36000 -39000 0.099665
-36000 -38000 0.104944
-36000 -37000 0.110512
-36000 -36000 0.116379
-36000 -35000 0.122557
-36000 -34000 0.129053
-36000 -33000 0.135877
-36000 -32000 0.143035
-36000 -31000 0.150534
-36000 -30000 0.158376
-36000 -29000 0.166563
-36000 -28000 0.175094
-36000 -27000 0.183965
-36000 -26000 0.193168
-36000 -25000 0.202693
-36000 -24000 0.212523
-36000 -23000 0.222639
-36000 -22000 0.233016
-36000 -21000 0.243624
-36000 -20000 0.254426
-36000 -19000 0.265381
-36000 -18000 0.276441
-36000 -17000 0.287551
-36000 -16000 0.298651
-36000 -15000 0.309675
-36000 -14000 0.320550
-36000 -13000 0.331200
-36000 -12000 0.341544
-36000 -11000 0.351495
-36000 -10000 0.360969
-36000 -9000 0.369876
-36000 -8000 0.378130
-36000 -7000 0.385647
-36000 -6000 0.392346
-36000 -5000 0.398153
-36000 -4000 0.403002
-36000 -3000 0.406835
-36000 -2000 0.409608
-36000 -1000 0.411285
-36000 0 0.411846
-36000 1000 0.411285
-36000 2000 0.409608
-36000 3000 0.406835
-36000 4000 0.403002
-36000 5000 0.398153
-36000 6000 0.392346
-36000 7000 0.385647
-36000 8000 0.378130
-36000 9000 0.369876
-36000 10000 0.360969
-36000 11000 0.351495
-36000 12000 0.341544
-36000 13000 0.331200
-36000 14000 0.320550
-36000 15000 0.309675
-36000 16000 0.298651
-36000 17000 0.287551
-36000 18000 0.276441
-36000 19000 0.265381
-36000 20000 0.254426
-36000 21000 0.243624
-36000 22000 0.233016
-36000 23000 0.222639
-36000 24000 0.212523
-36000 25000 0.202693
-36000 26000 0.193168
-36000 27000 0.183965
-36000 28000 0.175094
-36000 29000 0.166563
-36000 30000 0.158376
-36000 31000 0.150534
-36000 32000 0.143035
-36000 33000 0.135877
-36000 34000 0.129053
-36000 35000 0.122557
-36000 36000 0.116379
-36000 37000 0.110512
-36000 38000 0.104944
-36000 39000 0.099665
-36000 40000 0.094663
-36000 41000 0.089928
-36000 42000 0.085448
-36000 43000 0.081210
-36000 44000 0.077205
-36000 45000 0.073420
-36000 46000 0.069844
-36000 47000 0.066467
-36000 48000 0.063278
-36000 49000 0.060268
-35000 -50000 0.059442
-35000 -49000 0.062449
-35000 -48000 0.065638
-35000 -47000 0.069021
-35000 -46000 0.072610
-35000 -45000 0.076415
-35000 -44000 0.080450
-35000 -43000 0.084727
-35000 -42000 0.089258
-35000 -41000 0.094058
-35000 -40000 0.099140
-35000 -39000 0.104518
-35000 -38000 0.110204
-35000 -37000 0.116213
-35000 -36000 0.122557
-35000 -35000 0.129249
-35000 -34000 0.136301
-35000 -33000 0.143724
-35000 -32000 0.151527
-35000 -31000 0.159719
-35000 -30000 0.168304
-35000 -29000 0.177287
-35000 -28000 0.186669
-35000 -27000 0.196446
-35000 -26000 0.206614
-35000 -25000 0.217162
-35000 -24000 0.228075
-35000 -23000 0.239333
-35000 -22000 0.250909
-35000 -21000 0.262773
-35000 -20000 0.274884
-35000 -19000 0.287198
-35000 -18000 0.299661
-35000 -17000 0.312213
-35000 -16000 0.324784
-35000 -15000 0.337300
-35000 -14000 0.349678
-35000 -13000 0.361828
-35000 -12000 0.373655
-35000 -11000 0.385060
-35000 -10000 0.395939
-35000 -9000 0.406189
-35000 -8000 0.415704
-35000 -7000 0.424384
-35000 -6000 0.432132
-35000 -5000 0.438857
-35000 -4000 0.444479
-35000 -3000 0.448927
-35000 -2000 0.452147
-35000 -1000 0.454095
-35000 0 0.454747
-35000 1000 0.454095
-35000 2000 0.452147
-35000 3000 0.448927
-35000 4000 0.444479
-35000 5000 0.438857
-35000 6000 0.432132
-35000 7000 0.424384
-35000 8000 0.415704
-35000 9000 0.406189
-35000 10000 0.395939
-35000 11000 0.385060
-35000 12000 0.373655
-35000 13000 0.361828
-35000 14000 0.349678
-35000 15000 0.337300
-35000 16000 0.324784
-35000 17000 0.312213
-35000 18000 0.299661
-35000 19000 0.287198
-35000 20000 0.274884
-35000 21000 0.262773
-35000 22000 0.250909
-35000 23000 0.239333
-35000 24000 0.228075
-35000 25000 0.217162
-35000 26000 0.206614
-35000 27000 0.196446
-35000 28000 0.186669
-35000 29000 0.177287
-35000 30000 0.168304
-35000 31000 0.159719
-35000 32000 0.151527
-35000 33000 0.143724
-35000 34000 0.136301
-35000 35000 0.129249
-35000 36000 0.122557
-35000 37000 0.116213
-35000 38000 0.110204
-35000 39000 0.104518
-35000 40000 0.099140
-35000 41000 0.094058
-35000 42000 0.089258
-35000 43000 0.084727
-35000 44000 0.080450
-35000 45000 0.076415
-35000 46000 0.072610
-35000 47000 0.069021
-35000 48000 0.065638
-35000 49000 0.062449
-34000 -50000 0.061512
-34000 -49000 0.064692
-34000 -48000 0.068069
-34000 -47000 0.071656
-34000 -46000 0.075467
-34000 -45000 0.079515
-34000 -44000 0.083814
-34000 -43000 0.088378
-34000 -42000 0.093222
-34000 -41000 0.098362
-34000 -40000 0.103813
-34000 -39000 0.109592
-34000 -38000 0.115714
-34000 -37000 0.122196
-34000 -36000 0.129053
-34000 -35000 0.136301
-34000 -34000 0.143955
-34000 -33000 0.152028
-34000 -32000 0.160532
-34000 -31000 0.169480
-34000 -30000 0.178879
-34000 -29000 0.188736
-34000 -28000 0.199054
-34000 -27000 0.209834
-34000 -26000 0.221071
-34000 -25000 0.232758
-34000 -24000 0.244879
-34000 -23000 0.257416
-34000 -22000 0.270341
-34000 -21000 0.283622
-34000 -20000 0.297217
-34000 -19000 0.311076
-34000 -18000 0.325142
-34000 -17000 0.339345
-34000 -16000 0.353610
-34000 -15000 0.367849
-34000 -14000 0.381968
-34000 -13000 0.395863
-34000 -12000 0.409423
-34000 -11000 0.422530
-34000 -10000 0.435062
-34000 -9000 0.446894
-34000 -8000 0.457902
-34000 -7000 0.467961
-34000 -6000 0.476955
-34000 -5000 0.484773
-34000 -4000 0.491317
-34000 -3000 0.496500
-34000 -2000 0.500254
-34000 -1000 0.502527
-34000 0 0.503288
-34000 1000 0.502527
-34000 2000 0.500254
-34000 3000 0.496500
-34000 4000 0.491317
-34000 5000 0.484773
-34000 6000 0.476955
-34000 7000 0.467961
-34000 8000 0.457902
-34000 9000 0.446894
-34000 10000 0.435062
-34000 11000 0.422530
-34000 12000 0.409423
-34000 13000 0.395863
-34000 14000 0.381968
-34000 15000 0.367849
-34000 16000 0.353610
-34000 17000 0.339345
-34000 18000 0.325142
-34000 19000 0.311076
-34000 20000 0.297217
-34000 21000 0.283622
-34000 22000 0.270341
-34000 23000 0.257416
-34000 24000 0.244879
-34000 25000 0.232758
-34000 26000 0.221071
-34000 27000 0.209834
-34000 28000 0.199054
-34000 29000 0.188736
-34000 30000 0.178879
-34000 31000 0.169480
-34000 32000 0.160532
-34000 33000 0.152028
-34000 34000 0.143955
-34000 35000 0.136301
-34000 36000 0.129053
-34000 37000 0.122196
-34000 38000 0.115714
-34000 39000 0.109592
-34000 40000 0.103813
-34000 41000 0.098362
-34000 42000 0.093222
-34000 43000 0.088378
-34000 44000 0.083814
-34000 45000 0.079515
-34000 46000 0.075467
-34000 47000 0.071656
-34000 48000 0.068069
-34000 49000 0.064692
-33000 -50000 0.063636
-33000 -49000 0.066995
-33000 -48000 0.070569
-33000 -47000 0.074371
-33000 -46000 0.078416
-33000 -45000 0.082718
-33000 -44000 0.087295
-33000 -43000 0.092163
-33000 -42000 0.097338
-33000 -41000 0.102838
-33000 -40000 0.108683
-33000 -39000 0.114890
-33000 -38000 0.121479
-33000 -37000 0.128468
-33000 -36000 0.135877
-33000 -35000 0.143724
-33000 -34000 0.152028
-33000 -33000 0.160805
-33000 -32000 0.170072
-33000 -31000 0.179844
-33000 -30000 0.190133
-33000 -29000 0.200949
-33000 -28000 0.212298
-33000 -27000 0.224185
-33000 -26000 0.236608
-33000 -25000 0.249561
-33000 -24000 0.263032
-33000 -23000 0.277002
-33000 -22000 0.291445
-33000 -21000 0.306328
-33000 -20000 0.321605
-33000 -19000 0.337225
-33000 -18000 0.353123
-33000 -17000 0.369224
-33000 -16000 0.385441
-33000 -15000 0.401677
-33000 -14000 0.417821
-33000 -13000 0.433753
-33000 -12000 0.449344
-33000 -11000 0.464453
-33000 -10000 0.478936
-33000 -9000 0.492643
-33000 -8000 0.505422
-33000 -7000 0.517125
-33000 -6000 0.527607
-33000 -5000 0.536733
-33000 -4000 0.544382
-33000 -3000 0.550448
-33000 -2000 0.554845
-33000 -1000 0.557509
-33000 0 0.558401
-33000 1000 0.557509
-33000 2000 0.554845
-33000 3000 0.550448
-33000 4000 0.544382
-33000 5000 0.536733
-33000 6000 0.527607
-33000 7000 0.517125
-33000 8000 0.505422
-33000 9000 0.492643
-33000 10000 0.478936
-33000 11000 0.464453
-33000 12000 0.449344
-33000 13000 0.433753
-33000 14000 0.417821
-33000 15000 0.401677
-33000 16000 0.385441
-33000 17000 0.369224
-33000 18000 0.353123
-33000 19000 0.337225
-33000 20000 0.321605
-33000 21000 0.306328
-33000 22000 0.291445
-33000 23000 0.277002
-33000 24000 0.263032
-33000 25000 0.249561
-33000 26000 0.236608
-33000 27000 0.224185
-33000 28000 0.212298
-33000 29000 0.200949
-33000 30000 0.190133
-33000 31000 0.179844
-33000 32000 0.170072
-33000 33000 0.160805
-33000 34000 0.152028
-33000 35000 0.143724
-33000 36000 0.135877
-33000 37000 0.128468
-33000 38000 0.121479
-33000 39000 0.114890
-33000 40000 0.108683
-33000 41000 0.102838
-33000 42000 0.097338
-33000 43000 0.092163
-33000 44000 0.087295
