-100000 -100000 0.007672
-100000 -98000 0.007920
-100000 -96000 0.008174
-100000 -94000 0.008434
-100000 -92000 0.008700
-100000 -90000 0.008973
-100000 -88000 0.009251
-100000 -86000 0.009535
-100000 -84000 0.009824
-100000 -82000 0.010120
-100000 -80000 0.010421
-100000 -78000 0.010727
-100000 -76000 0.011038
-100000 -74000 0.011355
-100000 -72000 0.011676
-100000 -70000 0.012002
-100000 -68000 0.012332
-100000 -66000 0.012667
-100000 -64000 0.013005
-100000 -62000 0.013347
-100000 -60000 0.013691
-100000 -58000 0.014039
-100000 -56000 0.014388
-100000 -54000 0.014739
-100000 -52000 0.015091
-100000 -50000 0.015444
-100000 -48000 0.015796
-100000 -46000 0.016146
-100000 -44000 0.016495
-100000 -42000 0.016841
-100000 -40000 0.017182
-100000 -38000 0.017519
-100000 -36000 0.017849
-100000 -34000 0.018172
-100000 -32000 0.018486
-100000 -30000 0.018790
-100000 -28000 0.019083
-100000 -26000 0.019363
-100000 -24000 0.019630
-100000 -22000 0.019881
-100000 -20000 0.020115
-100000 -18000 0.020331
-100000 -16000 0.020529
-100000 -14000 0.020706
-100000 -12000 0.020861
-100000 -10000 0.020995
-100000 -8000 0.021105
-100000 -6000 0.021192
-100000 -4000 0.021254
-100000 -2000 0.021292
-100000 0 0.021304
-100000 2000 0.021292
-100000 4000 0.021254
-100000 6000 0.021192
-100000 8000 0.021105
-100000 10000 0.020995
-100000 12000 0.020861
-100000 14000 0.020706
-100000 16000 0.020529
-100000 18000 0.020331
-100000 20000 0.020115
-100000 22000 0.019881
-100000 24000 0.019630
-100000 26000 0.019363
-100000 28000 0.019083
-100000 30000 0.018790
-100000 32000 0.018486
-100000 34000 0.018172
-100000 36000 0.017849
-100000 38000 0.017519
-100000 40000 0.017182
-100000 42000 0.016841
-100000 44000 0.016495
-100000 46000 0.016146
-100000 48000 0.015796
-100000 50000 0.015444
-100000 52000 0.015091
-100000 54000 0.014739
-100000 56000 0.014388
-100000 58000 0.014039
-100000 60000 0.013691
-100000 62000 0.013347
-100000 64000 0.013005
-100000 66000 0.012667
-100000 68000 0.012332
-100000 70000 0.012002
-100000 72000 0.011676
-100000 74000 0.011355
-100000 76000 0.011038
-100000 78000 0.010727
-100000 80000 0.010421
-100000 82000 0.010120
-100000 84000 0.009824
-100000 86000 0.009535
-100000 88000 0.009251
-100000 90000 0.008973
-100000 92000 0.008700
-100000 94000 0.008434
-100000 96000 0.008174
-100000 98000 0.007920
-98000 -100000 0.007920
-98000 -98000 0.008179
-98000 -96000 0.008445
-98000 -94000 0.008718
-98000 -92000 0.008997
-98000 -90000 0.009283
-98000 -88000 0.009575
-98000 -86000 0.009873
-98000 -84000 0.010178
-98000 -82000 0.010489
-98000 -80000 0.010807
-98000 -78000 0.011130
-98000 -76000 0.011459
-98000 -74000 0.011794
-98000 -72000 0.012135
-98000 -70000 0.012481
-98000 -68000 0.012832
-98000 -66000 0.013188
-98000 -64000 0.013548
-98000 -62000 0.013913
-98000 -60000 0.014282
-98000 -58000 0.014655
-98000 -56000 0.015031
-98000 -54000 0.015408
-98000 -52000 0.015788
-98000 -50000 0.016169
-98000 -48000 0.016550
-98000 -46000 0.016931
-98000 -44000 0.017310
-98000 -42000 0.017687
-98000 -40000 0.018060
-98000 -38000 0.018428
-98000 -36000 0.018790
-98000 -34000 0.019145
-98000 -32000 0.019490
-98000 -30000 0.019826
-98000 -28000 0.020149
-98000 -26000 0.020459
-98000 -24000 0.020753
-98000 -22000 0.021032
-98000 -20000 0.021292
-98000 -18000 0.021532
-98000 -16000 0.021752
-98000 -14000 0.021949
-98000 -12000 0.022122
-98000 -10000 0.022271
-98000 -8000 0.022394
-98000 -6000 0.022491
-98000 -4000 0.022561
-98000 -2000 0.022602
-98000 0 0.022616
-98000 2000 0.022602
-98000 4000 0.022561
-98000 6000 0.022491
-98000 8000 0.022394
-98000 10000 0.022271
-98000 12000 0.022122
-98000 14000 0.021949
-98000 16000 0.021752
-98000 18000 0.021532
-98000 20000 0.021292
-98000 22000 0.021032
-98000 24000 0.020753
-98000 26000 0.020459
-98000 28000 0.020149
-98000 30000 0.019826
-98000 32000 0.019490
-98000 34000 0.019145
-98000 36000 0.018790
-98000 38000 0.018428
-98000 40000 0.018060
-98000 42000 0.017687
-98000 44000 0.017310
-98000 46000 0.016931
-98000 48000 0.016550
-98000 50000 0.016169
-98000 52000 0.015788
-98000 54000 0.015408
-98000 56000 0.015031
-98000 58000 0.014655
-98000 60000 0.014282
-98000 62000 0.013913
-98000 64000 0.013548
-98000 66000 0.013188
-98000 68000 0.012832
-98000 70000 0.012481
-98000 72000 0.012135
-98000 74000 0.011794
-98000 76000 0.011459
-98000 78000 0.011130
-98000 80000 0.010807
-98000 82000 0.010489
-98000 84000 0.010178
-98000 86000 0.009873
-98000 88000 0.009575
-98000 90000 0.009283
-98000 92000 0.008997
-98000 94000 0.008718
-98000 96000 0.008445
-98000 98000 0.008179
-96000 -100000 0.008174
-96000 -98000 0.008445
-96000 -96000 0.008724
-96000 -94000 0.009009
-96000 -92000 0.009302
-96000 -90000 0.009602
-96000 -88000 0.009909
-96000 -86000 0.010222
-96000 -84000 0.010543
-96000 -82000 0.010871
-96000 -80000 0.011206
-96000 -78000 0.011547
-96000 -76000 0.011895
-96000 -74000 0.012250
-96000 -72000 0.012611
-96000 -70000 0.012979
-96000 -68000 0.013352
-96000 -66000 0.013732
-96000 -64000 0.014117
-96000 -62000 0.014508
-96000 -60000 0.014904
-96000 -58000 0.015304
-96000 -56000 0.015708
-96000 -54000 0.016116
-96000 -52000 0.016527
-96000 -50000 0.016939
-96000 -48000 0.017353
-96000 -46000 0.017768
-96000 -44000 0.018181
-96000 -42000 0.018593
-96000 -40000 0.019002
-96000 -38000 0.019406
-96000 -36000 0.019804
-96000 -34000 0.020194
-96000 -32000 0.020576
-96000 -30000 0.020946
-96000 -28000 0.021304
-96000 -26000 0.021648
-96000 -24000 0.021975
-96000 -22000 0.022285
-96000 -20000 0.022574
-96000 -18000 0.022843
-96000 -16000 0.023088
-96000 -14000 0.023308
-96000 -12000 0.023502
-96000 -10000 0.023669
-96000 -8000 0.023807
-96000 -6000 0.023915
-96000 -4000 0.023993
-96000 -2000 0.024040
-96000 0 0.024056
-96000 2000 0.024040
-96000 4000 0.023993
-96000 6000 0.023915
-96000 8000 0.023807
-96000 10000 0.023669
-96000 12000 0.023502
-96000 14000 0.023308
-96000 16000 0.023088
-96000 18000 0.022843
-96000 20000 0.022574
-96000 22000 0.022285
-96000 24000 0.021975
-96000 26000 0.021648
-96000 28000 0.021304
-96000 30000 0.020946
-96000 32000 0.020576
-96000 34000 0.020194
-96000 36000 0.019804
-96000 38000 0.019406
-96000 40000 0.019002
-96000 42000 0.018593
-96000 44000 0.018181
-96000 46000 0.017768
-96000 48000 0.017353
-96000 50000 0.016939
-96000 52000 0.016527
-96000 54000 0.016116
-96000 56000 0.015708
-96000 58000 0.015304
-96000 60000 0.014904
-96000 62000 0.014508
-96000 64000 0.014117
-96000 66000 0.013732
-96000 68000 0.013352
-96000 70000 0.012979
-96000 72000 0.012611
-96000 74000 0.012250
-96000 76000 0.011895
-96000 78000 0.011547
-96000 80000 0.011206
-96000 82000 0.010871
-96000 84000 0.010543
-96000 86000 0.010222
-96000 88000 0.009909
-96000 90000 0.009602
-96000 92000 0.009302
-96000 94000 0.009009
-96000 96000 0.008724
-96000 98000 0.008445
-94000 -100000 0.008434
-94000 -98000 0.008718
-94000 -96000 0.009009
-94000 -94000 0.009308
-94000 -92000 0.009615
-94000 -90000 0.009930
-94000 -88000 0.010252
-94000 -86000 0.010582
-94000 -84000 0.010920
-94000 -82000 0.011265
-94000 -80000 0.011618
-94000 -78000 0.011979
-94000 -76000 0.012347
-94000 -74000 0.012723
-94000 -72000 0.013107
-94000 -70000 0.013498
-94000 -68000 0.013896
-94000 -66000 0.014301
-94000 -64000 0.014713
-94000 -62000 0.015132
-94000 -60000 0.015557
-94000 -58000 0.015988
-94000 -56000 0.016424
-94000 -54000 0.016865
-94000 -52000 0.017310
-94000 -50000 0.017759
-94000 -48000 0.018210
-94000 -46000 0.018662
-94000 -44000 0.019114
-94000 -42000 0.019565
-94000 -40000 0.020014
-94000 -38000 0.020459
-94000 -36000 0.020898
-94000 -34000 0.021329
-94000 -32000 0.021752
-94000 -30000 0.022163
-94000 -28000 0.022561
-94000 -26000 0.022943
-94000 -24000 0.023308
-94000 -22000 0.023654
-94000 -20000 0.023978
-94000 -18000 0.024278
-94000 -16000 0.024552
-94000 -14000 0.024800
-94000 -12000 0.025018
-94000 -10000 0.025205
-94000 -8000 0.025360
-94000 -6000 0.025482
-94000 -4000 0.025570
-94000 -2000 0.025623
-94000 0 0.025640
-94000 2000 0.025623
-94000 4000 0.025570
-94000 6000 0.025482
-94000 8000 0.025360
-94000 10000 0.025205
-94000 12000 0.025018
-94000 14000 0.024800
-94000 16000 0.024552
-94000 18000 0.024278
-94000 20000 0.023978
-94000 22000 0.023654
-94000 24000 0.023308
-94000 26000 0.022943
-94000 28000 0.022561
-94000 30000 0.022163
-94000 32000 0.021752
-94000 34000 0.021329
-94000 36000 0.020898
-94000 38000 0.020459
-94000 40000 0.020014
-94000 42000 0.019565
-94000 44000 0.019114
-94000 46000 0.018662
-94000 48000 0.018210
-94000 50000 0.017759
-94000 52000 0.017310
-94000 54000 0.016865
-94000 56000 0.016424
-94000 58000 0.015988
-94000 60000 0.015557
-94000 62000 0.015132
-94000 64000 0.014713
-94000 66000 0.014301
-94000 68000 0.013896
-94000 70000 0.013498
-94000 72000 0.013107
-94000 74000 0.012723
-94000 76000 0.012347
-94000 78000 0.011979
-94000 80000 0.011618
-94000 82000 0.011265
-94000 84000 0.010920
-94000 86000 0.010582
-94000 88000 0.010252
-94000 90000 0.009930
-94000 92000 0.009615
-94000 94000 0.009308
-94000 96000 0.009009
-94000 98000 0.008718
-92000 -100000 0.008700
-92000 -98000 0.008997
-92000 -96000 0.009302
-92000 -94000 0.009615
-92000 -92000 0.009937
-92000 -90000 0.010267
-92000 -88000 0.010605
-92000 -86000 0.010952
-92000 -84000 0.011308
-92000 -82000 0.011672
-92000 -80000 0.012044
-92000 -78000 0.012426
-92000 -76000 0.012816
-92000 -74000 0.013215
-92000 -72000 0.013622
-92000 -70000 0.014039
-92000 -68000 0.014464
-92000 -66000 0.014897
-92000 -64000 0.015339
-92000 -62000 0.015788
-92000 -60000 0.016246
-92000 -58000 0.016711
-92000 -56000 0.017182
-92000 -54000 0.017660
-92000 -52000 0.018144
-92000 -50000 0.018632
-92000 -48000 0.019124
-92000 -46000 0.019619
-92000 -44000 0.020115
-92000 -42000 0.020611
-92000 -40000 0.021105
-92000 -38000 0.021596
-92000 -36000 0.022082
-92000 -34000 0.022561
-92000 -32000 0.023030
-92000 -30000 0.023487
-92000 -28000 0.023931
-92000 -26000 0.024358
-92000 -24000 0.024766
-92000 -22000 0.025154
-92000 -20000 0.025517
-92000 -18000 0.025854
-92000 -16000 0.026163
-92000 -14000 0.026441
-92000 -12000 0.026687
-92000 -10000 0.026898
-92000 -8000 0.027073
-92000 -6000 0.027211
-92000 -4000 0.027310
-92000 -2000 0.027370
-92000 0 0.027390
-92000 2000 0.027370
-92000 4000 0.027310
-92000 6000 0.027211
-92000 8000 0.027073
-92000 10000 0.026898
-92000 12000 0.026687
-92000 14000 0.026441
-92000 16000 0.026163
-92000 18000 0.025854
-92000 20000 0.025517
-92000 22000 0.025154
-92000 24000 0.024766
-92000 26000 0.024358
-92000 28000 0.023931
-92000 30000 0.023487
-92000 32000 0.023030
-92000 34000 0.022561
-92000 36000 0.022082
-92000 38000 0.021596
-92000 40000 0.021105
-92000 42000 0.020611
-92000 44000 0.020115
-92000 46000 0.019619
-92000 48000 0.019124
-92000 50000 0.018632
-92000 52000 0.018144
-92000 54000 0.017660
-92000 56000 0.017182
-92000 58000 0.016711
-92000 60000 0.016246
-92000 62000 0.015788
-92000 64000 0.015339
-92000 66000 0.014897
-92000 68000 0.014464
-92000 70000 0.014039
-92000 72000 0.013622
-92000 74000 0.013215
-92000 76000 0.012816
-92000 78000 0.012426
-92000 80000 0.012044
-92000 82000 0.011672
-92000 84000 0.011308
-92000 86000 0.010952
-92000 88000 0.010605
-92000 90000 0.010267
-92000 92000 0.009937
-92000 94000 0.009615
-92000 96000 0.009302
-92000 98000 0.008997
-90000 -100000 0.008973
-90000 -98000 0.009283
-90000 -96000 0.009602
-90000 -94000 0.009930
-90000 -92000 0.010267
-90000 -90000 0.010613
-90000 -88000 0.010969
-90000 -86000 0.011333
-90000 -84000 0.011708
-90000 -82000 0.012092
-90000 -80000 0.012485
-90000 -78000 0.012889
-90000 -76000 0.013303
-90000 -74000 0.013726
-90000 -72000 0.014160
-90000 -70000 0.014604
-90000 -68000 0.015057
-90000 -66000 0.015521
-90000 -64000 0.015995
-90000 -62000 0.016479
-90000 -60000 0.016973
-90000 -58000 0.017475
-90000 -56000 0.017986
-90000 -54000 0.018505
-90000 -52000 0.019032
-90000 -50000 0.019565
-90000 -48000 0.020104
-90000 -46000 0.020646
-90000 -44000 0.021192
-90000 -42000 0.021739
-90000 -40000 0.022285
-90000 -38000 0.022828
-90000 -36000 0.023368
-90000 -34000 0.023900
-90000 -32000 0.024423
-90000 -30000 0.024933
-90000 -28000 0.025430
-90000 -26000 0.025908
-90000 -24000 0.026367
-90000 -22000 0.026802
-90000 -20000 0.027211
-90000 -18000 0.027591
-90000 -16000 0.027940
-90000 -14000 0.028254
-90000 -12000 0.028532
-90000 -10000 0.028771
-90000 -8000 0.028969
-90000 -6000 0.029125
-90000 -4000 0.029237
-90000 -2000 0.029305
-90000 0 0.029328
-90000 2000 0.029305
-90000 4000 0.029237
-90000 6000 0.029125
-90000 8000 0.028969
-90000 10000 0.028771
-90000 12000 0.028532
-90000 14000 0.028254
-90000 16000 0.027940
-90000 18000 0.027591
-90000 20000 0.027211
-90000 22000 0.026802
-90000 24000 0.026367
-90000 26000 0.025908
-90000 28000 0.025430
-90000 30000 0.024933
-90000 32000 0.024423
-90000 34000 0.023900
-90000 36000 0.023368
-90000 38000 0.022828
-90000 40000 0.022285
-90000 42000 0.021739
-90000 44000 0.021192
-90000 46000 0.020646
-90000 48000 0.020104
-90000 50000 0.019565
-90000 52000 0.019032
-90000 54000 0.018505
-90000 56000 0.017986
-90000 58000 0.017475
-90000 60000 0.016973
-90000 62000 0.016479
-90000 64000 0.015995
-90000 66000 0.015521
-90000 68000 0.015057
-90000 70000 0.014604
-90000 72000 0.014160
-90000 74000 0.013726
-90000 76000 0.013303
-90000 78000 0.012889
-90000 80000 0.012485
-90000 82000 0.012092
-90000 84000 0.011708
-90000 86000 0.011333
-90000 88000 0.010969
-90000 90000 0.010613
-90000 92000 0.010267
-90000 94000 0.009930
-90000 96000 0.009602
-90000 98000 0.009283
-88000 -100000 0.009251
-88000 -98000 0.009575
-88000 -96000 0.009909
-88000 -94000 0.010252
-88000 -92000 0.010605
-88000 -90000 0.010969
-88000 -88000 0.011342
-88000 -86000 0.011726
-88000 -84000 0.012120
-88000 -82000 0.012525
-88000 -80000 0.012942
-88000 -78000 0.013369
-88000 -76000 0.013808
-88000 -74000 0.014258
-88000 -72000 0.014720
-88000 -70000 0.015193
-88000 -68000 0.015679
-88000 -66000 0.016177
-88000 -64000 0.016686
-88000 -62000 0.017208
-88000 -60000 0.017741
-88000 -58000 0.018285
-88000 -56000 0.018840
-88000 -54000 0.019406
-88000 -52000 0.019980
-88000 -50000 0.020564
-88000 -48000 0.021155
-88000 -46000 0.021752
-88000 -44000 0.022353
-88000 -42000 0.022957
-88000 -40000 0.023563
-88000 -38000 0.024166
-88000 -36000 0.024766
-88000 -34000 0.025360
-88000 -32000 0.025944
-88000 -30000 0.026516
-88000 -28000 0.027073
-88000 -26000 0.027611
-88000 -24000 0.028127
-88000 -22000 0.028618
-88000 -20000 0.029080
-88000 -18000 0.029510
-88000 -16000 0.029905
-88000 -14000 0.030261
-88000 -12000 0.030577
-88000 -10000 0.030848
-88000 -8000 0.031073
-88000 -6000 0.031251
-88000 -4000 0.031379
-88000 -2000 0.031456
-88000 0 0.031482
-88000 2000 0.031456
-88000 4000 0.031379
-88000 6000 0.031251
-88000 8000 0.031073
-88000 10000 0.030848
-88000 12000 0.030577
-88000 14000 0.030261
-88000 16000 0.029905
-88000 18000 0.029510
-88000 20000 0.029080
-88000 22000 0.028618
-88000 24000 0.028127
-88000 26000 0.027611
-88000 28000 0.027073
-88000 30000 0.026516
-88000 32000 0.025944
-88000 34000 0.025360
-88000 36000 0.024766
-88000 38000 0.024166
-88000 40000 0.023563
-88000 42000 0.022957
-88000 44000 0.022353
-88000 46000 0.021752
-88000 48000 0.021155
-88000 50000 0.020564
-88000 52000 0.019980
-88000 54000 0.019406
-88000 56000 0.018840
-88000 58000 0.018285
-88000 60000 0.017741
-88000 62000 0.017208
-88000 64000 0.016686
-88000 66000 0.016177
-88000 68000 0.015679
-88000 70000 0.015193
-88000 72000 0.014720
-88000 74000 0.014258
-88000 76000 0.013808
-88000 78000 0.013369
-88000 80000 0.012942
-88000 82000 0.012525
-88000 84000 0.012120
-88000 86000 0.011726
-88000 88000 0.011342
-88000 90000 0.010969
-88000 92000 0.010605
-88000 94000 0.010252
-88000 96000 0.009909
-88000 98000 0.009575
-86000 -100000 0.009535
-86000 -98000 0.009873
-86000 -96000 0.010222
-86000 -94000 0.010582
-86000 -92000 0.010952
-86000 -90000 0.011333
-86000 -88000 0.011726
-86000 -86000 0.012130
-86000 -84000 0.012546
-86000 -82000 0.012973
-86000 -80000 0.013413
-86000 -78000 0.013866
-86000 -76000 0.014332
-86000 -74000 0.014811
-86000 -72000 0.015304
-86000 -70000 0.015810
-86000 -68000 0.016331
-86000 -66000 0.016865
-86000 -64000 0.017414
-86000 -62000 0.017977
-86000 -60000 0.018554
-86000 -58000 0.019145
-86000 -56000 0.019749
-86000 -54000 0.020366
-86000 -52000 0.020995
-86000 -50000 0.021635
-86000 -48000 0.022285
-86000 -46000 0.022943
-86000 -44000 0.023608
-86000 -42000 0.024278
-86000 -40000 0.024950
-86000 -38000 0.025623
-86000 -36000 0.026292
-86000 -34000 0.026956
-86000 -32000 0.027611
-86000 -30000 0.028254
-86000 -28000 0.028881
-86000 -26000 0.029487
-86000 -24000 0.030070
-86000 -22000 0.030626
-86000 -20000 0.031149
-86000 -18000 0.031637
-86000 -16000 0.032086
-86000 -14000 0.032491
-86000 -12000 0.032850
-86000 -10000 0.033159
-86000 -8000 0.033416
-86000 -6000 0.033619
-86000 -4000 0.033765
-86000 -2000 0.033853
-86000 0 0.033882
-86000 2000 0.033853
-86000 4000 0.033765
-86000 6000 0.033619
-86000 8000 0.033416
-86000 10000 0.033159
-86000 12000 0.032850
-86000 14000 0.032491
-86000 16000 0.032086
-86000 18000 0.031637
-86000 20000 0.031149
-86000 22000 0.030626
-86000 24000 0.030070
-86000 26000 0.029487
-86000 28000 0.028881
-86000 30000 0.028254
-86000 32000 0.027611
-86000 34000 0.026956
-86000 36000 0.026292
-86000 38000 0.025623
-86000 40000 0.024950
-86000 42000 0.024278
-86000 44000 0.023608
-86000 46000 0.022943
-86000 48000 0.022285
-86000 50000 0.021635
-86000 52000 0.020995
-86000 54000 0.020366
-86000 56000 0.019749
-86000 58000 0.019145
-86000 60000 0.018554
-86000 62000 0.017977
-86000 64000 0.017414
-86000 66000 0.016865
-86000 68000 0.016331
-86000 70000 0.015810
-86000 72000 0.015304
-86000 74000 0.014811
-86000 76000 0.014332
-86000 78000 0.013866
-86000 80000 0.013413
-86000 82000 0.012973
-86000 84000 0.012546
-86000 86000 0.012130
-86000 88000 0.011726
-86000 90000 0.011333
-86000 92000 0.010952
-86000 94000 0.010582
-86000 96000 0.010222
-86000 98000 0.009873
-84000 -100000 0.009824
-84000 -98000 0.010178
-84000 -96000 0.010543
-84000 -94000 0.010920
-84000 -92000 0.011308
-84000 -90000 0.011708
-84000 -88000 0.012120
-84000 -86000 0.012546
-84000 -84000 0.012984
-84000 -82000 0.013436
-84000 -80000 0.013902
-84000 -78000 0.014382
-84000 -76000 0.014877
-84000 -74000 0.015387
-84000 -72000 0.015914
-84000 -70000 0.016456
-84000 -68000 0.017014
-84000 -66000 0.017589
-84000 -64000 0.018181
-84000 -62000 0.018790
-84000 -60000 0.019416
-84000 -58000 0.020059
-84000 -56000 0.020718
-84000 -54000 0.021392
-84000 -52000 0.022082
-84000 -50000 0.022786
-84000 -48000 0.023502
-84000 -46000 0.024230
-84000 -44000 0.024967
-84000 -42000 0.025711
-84000 -40000 0.026460
-84000 -38000 0.027211
-84000 -36000 0.027960
-84000 -34000 0.028705
-84000 -32000 0.029442
-84000 -30000 0.030166
-84000 -28000 0.030873
-84000 -26000 0.031559
-84000 -24000 0.032220
-84000 -22000 0.032850
-84000 -20000 0.033445
-84000 -18000 0.034000
-84000 -16000 0.034512
-84000 -14000 0.034974
-84000 -12000 0.035384
-84000 -10000 0.035738
-84000 -8000 0.036032
-84000 -6000 0.036264
-84000 -4000 0.036431
-84000 -2000 0.036532
-84000 0 0.036566
-84000 2000 0.036532
-84000 4000 0.036431
-84000 6000 0.036264
-84000 8000 0.036032
-84000 10000 0.035738
-84000 12000 0.035384
-84000 14000 0.034974
-84000 16000 0.034512
-84000 18000 0.034000
-84000 20000 0.033445
-84000 22000 0.032850
-84000 24000 0.032220
-84000 26000 0.031559
-84000 28000 0.030873
-84000 30000 0.030166
-84000 32000 0.029442
-84000 34000 0.028705
-84000 36000 0.027960
-84000 38000 0.027211
-84000 40000 0.026460
-84000 42000 0.025711
-84000 44000 0.024967
-84000 46000 0.024230
-84000 48000 0.023502
-84000 50000 0.022786
-84000 52000 0.022082
-84000 54000 0.021392
-84000 56000 0.020718
-84000 58000 0.020059
-84000 60000 0.019416
-84000 62000 0.018790
-84000 64000 0.018181
-84000 66000 0.017589
-84000 68000 0.017014
-84000 70000 0.016456
-84000 72000 0.015914
-84000 74000 0.015387
-84000 76000 0.014877
-84000 78000 0.014382
-84000 80000 0.013902
-84000 82000 0.013436
-84000 84000 0.012984
-84000 86000 0.012546
-84000 88000 0.012120
-84000 90000 0.011708
-84000 92000 0.011308
-84000 94000 0.010920
-84000 96000 0.010543
-84000 98000 0.010178
-82000 -100000 0.010120
-82000 -98000 0.010489
-82000 -96000 0.010871
-82000 -94000 0.011265
-82000 -92000 0.011672
-82000 -90000 0.012092
-82000 -88000 0.012525
-82000 -86000 0.012973
-82000 -84000 0.013436
-82000 -82000 0.013913
-82000 -80000 0.014407
-82000 -78000 0.014917
-82000 -76000 0.015444
-82000 -74000 0.015988
-82000 -72000 0.016550
-82000 -70000 0.017132
-82000 -68000 0.017732
-82000 -66000 0.018352
-82000 -64000 0.018991
-82000 -62000 0.019651
-82000 -60000 0.020331
-82000 -58000 0.021032
-82000 -56000 0.021752
-82000 -54000 0.022491
-82000 -52000 0.023249
-82000 -50000 0.024025
-82000 -48000 0.024816
-82000 -46000 0.025623
-82000 -44000 0.026441
-82000 -42000 0.027270
-82000 -40000 0.028106
-82000 -38000 0.028947
-82000 -36000 0.029788
-82000 -34000 0.030626
-82000 -32000 0.031456
-82000 -30000 0.032274
-82000 -28000 0.033074
-82000 -26000 0.033853
-82000 -24000 0.034603
-82000 -22000 0.035321
-82000 -20000 0.035999
-82000 -18000 0.036634
-82000 -16000 0.037218
-82000 -14000 0.037748
-82000 -12000 0.038218
-82000 -10000 0.038624
-82000 -8000 0.038962
-82000 -6000 0.039228
-82000 -4000 0.039420
-82000 -2000 0.039536
-82000 0 0.039575
-82000 2000 0.039536
-82000 4000 0.039420
-82000 6000 0.039228
-82000 8000 0.038962
-82000 10000 0.038624
-82000 12000 0.038218
-82000 14000 0.037748
-82000 16000 0.037218
-82000 18000 0.036634
-82000 20000 0.035999
-82000 22000 0.035321
-82000 24000 0.034603
-82000 26000 0.033853
-82000 28000 0.033074
-82000 30000 0.032274
-82000 32000 0.031456
-82000 34000 0.030626
-82000 36000 0.029788
-82000 38000 0.028947
-82000 40000 0.028106
-82000 42000 0.027270
-82000 44000 0.026441
-82000 46000 0.025623
-82000 48000 0.024816
-82000 50000 0.024025
-82000 52000 0.023249
-82000 54000 0.022491
-82000 56000 0.021752
-82000 58000 0.021032
-82000 60000 0.020331
-82000 62000 0.019651
-82000 64000 0.018991
-82000 66000 0.018352
-82000 68000 0.017732
-82000 70000 0.017132
-82000 72000 0.016550
-82000 74000 0.015988
-82000 76000 0.015444
-82000 78000 0.014917
-82000 80000 0.014407
-82000 82000 0.013913
-82000 84000 0.013436
-82000 86000 0.012973
-82000 88000 0.012525
-82000 90000 0.012092
-82000 92000 0.011672
-82000 94000 0.011265
-82000 96000 0.010871
-82000 98000 0.010489
-80000 -100000 0.010421
-80000 -98000 0.010807
-80000 -96000 0.011206
-80000 -94000 0.011618
-80000 -92000 0.012044
-80000 -90000 0.012485
-80000 -88000 0.012942
-80000 -86000 0.013413
-80000 -84000 0.013902
-80000 -82000 0.014407
-80000 -80000 0.014930
-80000 -78000 0.015472
-80000 -76000 0.016033
-80000 -74000 0.016614
-80000 -72000 0.017216
-80000 -70000 0.017840
-80000 -68000 0.018486
-80000 -66000 0.019155
-80000 -64000 0.019848
-80000 -62000 0.020564
-80000 -60000 0.021304
-80000 -58000 0.022069
-80000 -56000 0.022857
-80000 -54000 0.023669
-80000 -52000 0.024504
-80000 -50000 0.025360
-80000 -48000 0.026237
-80000 -46000 0.027132
-80000 -44000 0.028044
-80000 -42000 0.028969
-80000 -40000 0.029905
-80000 -38000 0.030848
-80000 -36000 0.031794
-80000 -34000 0.032739
-80000 -32000 0.033677
-80000 -30000 0.034603
-80000 -28000 0.035512
-80000 -26000 0.036398
-80000 -24000 0.037253
-80000 -22000 0.038072
-80000 -20000 0.038848
-80000 -18000 0.039575
-80000 -16000 0.040246
-80000 -14000 0.040854
-80000 -12000 0.041395
-80000 -10000 0.041862
-80000 -8000 0.042251
-80000 -6000 0.042558
-80000 -4000 0.042780
-80000 -2000 0.042914
-80000 0 0.042959
-80000 2000 0.042914
-80000 4000 0.042780
-80000 6000 0.042558
-80000 8000 0.042251
-80000 10000 0.041862
-80000 12000 0.041395
-80000 14000 0.040854
-80000 16000 0.040246
-80000 18000 0.039575
-80000 20000 0.038848
-80000 22000 0.038072
-80000 24000 0.037253
-80000 26000 0.036398
-80000 28000 0.035512
-80000 30000 0.034603
-80000 32000 0.033677
-80000 34000 0.032739
-80000 36000 0.031794
-80000 38000 0.030848
-80000 40000 0.029905
-80000 42000 0.028969
-80000 44000 0.028044
-80000 46000 0.027132
-80000 48000 0.026237
-80000 50000 0.025360
-80000 52000 0.024504
-80000 54000 0.023669
-80000 56000 0.022857
-80000 58000 0.022069
-80000 60000 0.021304
-80000 62000 0.020564
-80000 64000 0.019848
-80000 66000 0.019155
-80000 68000 0.018486
-80000 70000 0.017840
-80000 72000 0.017216
-80000 74000 0.016614
-80000 76000 0.016033
-80000 78000 0.015472
-80000 80000 0.014930
-80000 82000 0.014407
-80000 84000 0.013902
-80000 86000 0.013413
-80000 88000 0.012942
-80000 90000 0.012485
-80000 92000 0.012044
-80000 94000 0.011618
-80000 96000 0.011206
-80000 98000 0.010807
-78000 -100000 0.010727
-78000 -98000 0.011130
-78000 -96000 0.011547
-78000 -94000 0.011979
-78000 -92000 0.012426
-78000 -90000 0.012889
-78000 -88000 0.013369
-78000 -86000 0.013866
-78000 -84000 0.014382
-78000 -82000 0.014917
-78000 -80000 0.015472
-78000 -78000 0.016048
-78000 -76000 0.016646
-78000 -74000 0.017267
-78000 -72000 0.017913
-78000 -70000 0.018583
-78000 -68000 0.019280
-78000 -66000 0.020003
-78000 -64000 0.020753
-78000 -62000 0.021532
-78000 -60000 0.022339
-78000 -58000 0.023175
-78000 -56000 0.024040
-78000 -54000 0.024933
-78000 -52000 0.025854
-78000 -50000 0.026802
-78000 -48000 0.027775
-78000 -46000 0.028771
-78000 -44000 0.029788
-78000 -42000 0.030823
-78000 -40000 0.031873
-78000 -38000 0.032934
-78000 -36000 0.034000
-78000 -34000 0.035068
-78000 -32000 0.036131
-78000 -30000 0.037183
-78000 -28000 0.038218
-78000 -26000 0.039228
-78000 -24000 0.040206
-78000 -22000 0.041144
-78000 -20000 0.042034
-78000 -18000 0.042870
-78000 -16000 0.043642
-78000 -14000 0.044343
-78000 -12000 0.044967
-78000 -10000 0.045507
-78000 -8000 0.045957
-78000 -6000 0.046312
-78000 -4000 0.046569
-78000 -2000 0.046724
-78000 0 0.046776
-78000 2000 0.046724
-78000 4000 0.046569
-78000 6000 0.046312
-78000 8000 0.045957
-78000 10000 0.045507
-78000 12000 0.044967
-78000 14000 0.044343
-78000 16000 0.043642
-78000 18000 0.042870
-78000 20000 0.042034
-78000 22000 0.041144
-78000 24000 0.040206
-78000 26000 0.039228
-78000 28000 0.038218
-78000 30000 0.037183
-78000 32000 0.036131
-78000 34000 0.035068
-78000 36000 0.034000
-78000 38000 0.032934
-78000 40000 0.031873
-78000 42000 0.030823
-78000 44000 0.029788
-78000 46000 0.028771
-78000 48000 0.027775
-78000 50000 0.026802
-78000 52000 0.025854
-78000 54000 0.024933
-78000 56000 0.024040
-78000 58000 0.023175
-78000 60000 0.022339
-78000 62000 0.021532
-78000 64000 0.020753
-78000 66000 0.020003
-78000 68000 0.019280
-78000 70000 0.018583
-78000 72000 0.017913
-78000 74000 0.017267
-78000 76000 0.016646
-78000 78000 0.016048
-78000 80000 0.015472
-78000 82000 0.014917
-78000 84000 0.014382
-78000 86000 0.013866
-78000 88000 0.013369
-78000 90000 0.012889
-78000 92000 0.012426
-78000 94000 0.011979
-78000 96000 0.011547
-78000 98000 0.011130
-76000 -100000 0.011038
-76000 -98000 0.011459
-76000 -96000 0.011895
-76000 -94000 0.012347
-76000 -92000 0.012816
-76000 -90000 0.013303
-76000 -88000 0.013808
-76000 -86000 0.014332
-76000 -84000 0.014877
-76000 -82000 0.015444
-76000 -80000 0.016033
-76000 -78000 0.016646
-76000 -76000 0.017285
-76000 -74000 0.017949
-76000 -72000 0.018642
-76000 -70000 0.019363
-76000 -68000 0.020115
-76000 -66000 0.020898
-76000 -64000 0.021713
-76000 -62000 0.022561
-76000 -60000 0.023442
-76000 -58000 0.024358
-76000 -56000 0.025308
-76000 -54000 0.026292
-76000 -52000 0.027310
-76000 -50000 0.028360
-76000 -48000 0.029442
-76000 -46000 0.030552
-76000 -44000 0.031689
-76000 -42000 0.032850
-76000 -40000 0.034030
-76000 -38000 0.035226
-76000 -36000 0.036431
-76000 -34000 0.037641
-76000 -32000 0.038848
-76000 -30000 0.040046
-76000 -28000 0.041227
-76000 -26000 0.042383
-76000 -24000 0.043504
-76000 -22000 0.044581
-76000 -20000 0.045606
-76000 -18000 0.046569
-76000 -16000 0.047461
-76000 -14000 0.048272
-76000 -12000 0.048994
-76000 -10000 0.049620
-76000 -8000 0.050143
-76000 -6000 0.050555
-76000 -4000 0.050854
-76000 -2000 0.051034
-76000 0 0.051095
-76000 2000 0.051034
-76000 4000 0.050854
-76000 6000 0.050555
-76000 8000 0.050143
-76000 10000 0.049620
-76000 12000 0.048994
-76000 14000 0.048272
-76000 16000 0.047461
-76000 18000 0.046569
-76000 20000 0.045606
-76000 22000 0.044581
-76000 24000 0.043504
-76000 26000 0.042383
-76000 28000 0.041227
-76000 30000 0.040046
-76000 32000 0.038848
-76000 34000 0.037641
-76000 36000 0.036431
-76000 38000 0.035226
-76000 40000 0.034030
-76000 42000 0.032850
-76000 44000 0.031689
-76000 46000 0.030552
-76000 48000 0.029442
-76000 50000 0.028360
-76000 52000 0.027310
-76000 54000 0.026292
-76000 56000 0.025308
-76000 58000 0.024358
-76000 60000 0.023442
-76000 62000 0.022561
-76000 64000 0.021713
-76000 66000 0.020898
-76000 68000 0.020115
-76000 70000 0.019363
-76000 72000 0.018642
-76000 74000 0.017949
-76000 76000 0.017285
-76000 78000 0.016646
-76000 80000 0.016033
-76000 82000 0.015444
-76000 84000 0.014877
-76000 86000 0.014332
-76000 88000 0.013808
-76000 90000 0.013303
-76000 92000 0.012816
-76000 94000 0.012347
-76000 96000 0.011895
-76000 98000 0.011459
-74000 -100000 0.011355
-74000 -98000 0.011794
-74000 -96000 0.012250
-74000 -94000 0.012723
-74000 -92000 0.013215
-74000 -90000 0.013726
-74000 -88000 0.014258
-74000 -86000 0.014811
-74000 -84000 0.015387
-74000 -82000 0.015988
-74000 -80000 0.016614
-74000 -78000 0.017267
-74000 -76000 0.017949
-74000 -74000 0.018662
-74000 -72000 0.019406
-74000 -70000 0.020183
-74000 -68000 0.020995
-74000 -66000 0.021843
-74000 -64000 0.022729
-74000 -62000 0.023654
-74000 -60000 0.024618
-74000 -58000 0.025623
-74000 -56000 0.026668
-74000 -54000 0.027754
-74000 -52000 0.028881
-74000 -50000 0.030047
-74000 -48000 0.031251
-74000 -46000 0.032491
-74000 -44000 0.033765
-74000 -42000 0.035068
-74000 -40000 0.036398
-74000 -38000 0.037748
-74000 -36000 0.039113
-74000 -34000 0.040487
-74000 -32000 0.041862
-74000 -30000 0.043230
-74000 -28000 0.044581
-74000 -26000 0.045906
-74000 -24000 0.047195
-74000 -22000 0.048437
-74000 -20000 0.049620
-74000 -18000 0.050734
-74000 -16000 0.051767
-74000 -14000 0.052709
-74000 -12000 0.053549
-74000 -10000 0.054277
-74000 -8000 0.054885
-74000 -6000 0.055367
-74000 -4000 0.055715
-74000 -2000 0.055925
-74000 0 0.055996
-74000 2000 0.055925
-74000 4000 0.055715
-74000 6000 0.055367
-74000 8000 0.054885
-74000 10000 0.054277
-74000 12000 0.053549
-74000 14000 0.052709
-74000 16000 0.051767
-74000 18000 0.050734
-74000 20000 0.049620
-74000 22000 0.048437
-74000 24000 0.047195
-74000 26000 0.045906
-74000 28000 0.044581
-74000 30000 0.043230
-74000 32000 0.041862
-74000 34000 0.040487
-74000 36000 0.039113
-74000 38000 0.037748
-74000 40000 0.036398
-74000 42000 0.035068
-74000 44000 0.033765
-74000 46000 0.032491
-74000 48000 0.031251
-74000 50000 0.030047
-74000 52000 0.028881
-74000 54000 0.027754
-74000 56000 0.026668
-74000 58000 0.025623
-74000 60000 0.024618
-74000 62000 0.023654
-74000 64000 0.022729
-74000 66000 0.021843
-74000 68000 0.020995
-74000 70000 0.020183
-74000 72000 0.019406
-74000 74000 0.018662
-74000 76000 0.017949
-74000 78000 0.017267
-74000 80000 0.016614
-74000 82000 0.015988
-74000 84000 0.015387
-74000 86000 0.014811
-74000 88000 0.014258
-74000 90000 0.013726
-74000 92000 0.013215
-74000 94000 0.012723
-74000 96000 0.012250
-74000 98000 0.011794
-72000 -100000 0.011676
-72000 -98000 0.012135
-72000 -96000 0.012611
-72000 -94000 0.013107
-72000 -92000 0.013622
-72000 -90000 0.014160
-72000 -88000 0.014720
-72000 -86000 0.015304
-72000 -84000 0.015914
-72000 -82000 0.016550
-72000 -80000 0.017216
-72000 -78000 0.017913
-72000 -76000 0.018642
-72000 -74000 0.019406
-72000 -72000 0.020206
-72000 -70000 0.021044
-72000 -68000 0.021922
-72000 -66000 0.022843
-72000 -64000 0.023807
-72000 -62000 0.024816
-72000 -60000 0.025872
-72000 -58000 0.026976
-72000 -56000 0.028127
-72000 -54000 0.029328
-72000 -52000 0.030577
-72000 -50000 0.031873
-72000 -48000 0.033216
-72000 -46000 0.034603
-72000 -44000 0.036032
-72000 -42000 0.037499
-72000 -40000 0.038999
-72000 -38000 0.040528
-72000 -36000 0.042078
-72000 -34000 0.043642
-72000 -32000 0.045211
-72000 -30000 0.046776
-72000 -28000 0.048327
-72000 -26000 0.049851
-72000 -24000 0.051338
-72000 -22000 0.052773
-72000 -20000 0.054143
-72000 -18000 0.055436
-72000 -16000 0.056637
-72000 -14000 0.057734
-72000 -12000 0.058713
-72000 -10000 0.059564
-72000 -8000 0.060275
-72000 -6000 0.060839
-72000 -4000 0.061246
-72000 -2000 0.061493
-72000 0 0.061576
-72000 2000 0.061493
-72000 4000 0.061246
-72000 6000 0.060839
-72000 8000 0.060275
-72000 10000 0.059564
-72000 12000 0.058713
-72000 14000 0.057734
-72000 16000 0.056637
-72000 18000 0.055436
-72000 20000 0.054143
-72000 22000 0.052773
-72000 24000 0.051338
-72000 26000 0.049851
-72000 28000 0.048327
-72000 30000 0.046776
-72000 32000 0.045211
-72000 34000 0.043642
-72000 36000 0.042078
-72000 38000 0.040528
-72000 40000 0.038999
-72000 42000 0.037499
-72000 44000 0.036032
-72000 46000 0.034603
-72000 48000 0.033216
-72000 50000 0.031873
-72000 52000 0.030577
-72000 54000 0.029328
-72000 56000 0.028127
-72000 58000 0.026976
-72000 60000 0.025872
-72000 62000 0.024816
-72000 64000 0.023807
-72000 66000 0.022843
-72000 68000 0.021922
-72000 70000 0.021044
-72000 72000 0.020206
-72000 74000 0.019406
-72000 76000 0.018642
-72000 78000 0.017913
-72000 80000 0.017216
-72000 82000 0.016550
-72000 84000 0.015914
-72000 86000 0.015304
-72000 88000 0.014720
-72000 90000 0.014160
-72000 92000 0.013622
-72000 94000 0.013107
-72000 96000 0.012611
-72000 98000 0.012135
-70000 -100000 0.012002
-70000 -98000 0.012481
-70000 -96000 0.012979
-70000 -94000 0.013498
-70000 -92000 0.014039
-70000 -90000 0.014604
-70000 -88000 0.015193
-70000 -86000 0.015810
-70000 -84000 0.016456
-70000 -82000 0.017132
-70000 -80000 0.017840
-70000 -78000 0.018583
-70000 -76000 0.019363
-70000 -74000 0.020183
-70000 -72000 0.021044
-70000 -70000 0.021949
-70000 -68000 0.022900
-70000 -66000 0.023900
-70000 -64000 0.024950
-70000 -62000 0.026053
-70000 -60000 0.027211
-70000 -58000 0.028424
-70000 -56000 0.029695
-70000 -54000 0.031023
-70000 -52000 0.032409
-70000 -50000 0.033853
-70000 -48000 0.035352
-70000 -46000 0.036907
-70000 -44000 0.038512
-70000 -42000 0.040166
-70000 -40000 0.041862
-70000 -38000 0.043595
-70000 -36000 0.045358
-70000 -34000 0.047143
-70000 -32000 0.048938
-70000 -30000 0.050734
-70000 -28000 0.052518
-70000 -26000 0.054277
-70000 -24000 0.055996
-70000 -22000 0.057660
-70000 -20000 0.059252
-70000 -18000 0.060758
-70000 -16000 0.062159
-70000 -14000 0.063441
-70000 -12000 0.064588
-70000 -10000 0.065585
-70000 -8000 0.066420
-70000 -6000 0.067082
-70000 -4000 0.067561
-70000 -2000 0.067852
-70000 0 0.067949
-70000 2000 0.067852
-70000 4000 0.067561
-70000 6000 0.067082
-70000 8000 0.066420
-70000 10000 0.065585
-70000 12000 0.064588
-70000 14000 0.063441
-70000 16000 0.062159
-70000 18000 0.060758
-70000 20000 0.059252
-70000 22000 0.057660
-70000 24000 0.055996
-70000 26000 0.054277
-70000 28000 0.052518
-70000 30000 0.050734
-70000 32000 0.048938
-70000 34000 0.047143
-70000 36000 0.045358
-70000 38000 0.043595
-70000 40000 0.041862
-70000 42000 0.040166
-70000 44000 0.038512
-70000 46000 0.036907
-70000 48000 0.035352
-70000 50000 0.033853
-70000 52000 0.032409
-70000 54000 0.031023
-70000 56000 0.029695
-70000 58000 0.028424
-70000 60000 0.027211
-70000 62000 0.026053
-70000 64000 0.024950
-70000 66000 0.023900
-70000 68000 0.022900
-70000 70000 0.021949
-70000 72000 0.021044
-70000 74000 0.020183
-70000 76000 0.019363
-70000 78000 0.018583
-70000 80000 0.017840
-70000 82000 0.017132
-70000 84000 0.016456
-70000 86000 0.015810
-70000 88000 0.015193
-70000 90000 0.014604
-70000 92000 0.014039
-70000 94000 0.013498
-70000 96000 0.012979
-70000 98000 0.012481
-68000 -100000 0.012332
-68000 -98000 0.012832
-68000 -96000 0.013352
-68000 -94000 0.013896
-68000 -92000 0.014464
-68000 -90000 0.015057
-68000 -88000 0.015679
-68000 -86000 0.016331
-68000 -84000 0.017014
-68000 -82000 0.017732
-68000 -80000 0.018486
-68000 -78000 0.019280
-68000 -76000 0.020115
-68000 -74000 0.020995
-68000 -72000 0.021922
-68000 -70000 0.022900
-68000 -68000 0.023931
-68000 -66000 0.025018
-68000 -64000 0.026163
-68000 -62000 0.027370
-68000 -60000 0.028640
-68000 -58000 0.029976
-68000 -56000 0.031379
-68000 -54000 0.032850
-68000 -52000 0.034390
-68000 -50000 0.035999
-68000 -48000 0.037676
-68000 -46000 0.039420
-68000 -44000 0.041227
-68000 -42000 0.043094
-68000 -40000 0.045015
-68000 -38000 0.046985
-68000 -36000 0.048994
-68000 -34000 0.051034
-68000 -32000 0.053094
-68000 -30000 0.055159
-68000 -28000 0.057218
-68000 -26000 0.059252
-68000 -24000 0.061246
-68000 -22000 0.063181
-68000 -20000 0.065038
-68000 -18000 0.066797
-68000 -16000 0.068438
-68000 -14000 0.069942
-68000 -12000 0.071290
-68000 -10000 0.072464
-68000 -8000 0.073448
-68000 -6000 0.074229
-68000 -4000 0.074795
-68000 -2000 0.075138
-68000 0 0.075252
-68000 2000 0.075138
-68000 4000 0.074795
-68000 6000 0.074229
-68000 8000 0.073448
-68000 10000 0.072464
-68000 12000 0.071290
-68000 14000 0.069942
-68000 16000 0.068438
-68000 18000 0.066797
-68000 20000 0.065038
-68000 22000 0.063181
-68000 24000 0.061246
-68000 26000 0.059252
-68000 28000 0.057218
-68000 30000 0.055159
-68000 32000 0.053094
-68000 34000 0.051034
-68000 36000 0.048994
-68000 38000 0.046985
-68000 40000 0.045015
-68000 42000 0.043094
-68000 44000 0.041227
-68000 46000 0.039420
-68000 48000 0.037676
-68000 50000 0.035999
-68000 52000 0.034390
-68000 54000 0.032850
-68000 56000 0.031379
-68000 58000 0.029976
-68000 60000 0.028640
-68000 62000 0.027370
-68000 64000 0.026163
-68000 66000 0.025018
-68000 68000 0.023931
-68000 70000 0.022900
-68000 72000 0.021922
-68000 74000 0.020995
-68000 76000 0.020115
-68000 78000 0.019280
-68000 80000 0.018486
-68000 82000 0.017732
-68000 84000 0.017014
-68000 86000 0.016331
-68000 88000 0.015679
-68000 90000 0.015057
-68000 92000 0.014464
-68000 94000 0.013896
-68000 96000 0.013352
-68000 98000 0.012832
-66000 -100000 0.012667
-66000 -98000 0.013188
-66000 -96000 0.013732
-66000 -94000 0.014301
-66000 -92000 0.014897
-66000 -90000 0.015521
-66000 -88000 0.016177
-66000 -86000 0.016865
-66000 -84000 0.017589
-66000 -82000 0.018352
-66000 -80000 0.019155
-66000 -78000 0.020003
-66000 -76000 0.020898
-66000 -74000 0.021843
-66000 -72000 0.022843
-66000 -70000 0.023900
-66000 -68000 0.025018
-66000 -66000 0.026200
-66000 -64000 0.027450
-66000 -62000 0.028771
-66000 -60000 0.030166
-66000 -58000 0.031637
-66000 -56000 0.033188
-66000 -54000 0.034819
-66000 -52000 0.036532
-66000 -50000 0.038328
-66000 -48000 0.040206
-66000 -46000 0.042164
-66000 -44000 0.044201
-66000 -42000 0.046312
-66000 -40000 0.048492
-66000 -38000 0.050734
-66000 -36000 0.053029
-66000 -34000 0.055367
-66000 -32000 0.057734
-66000 -30000 0.060116
-66000 -28000 0.062497
-66000 -26000 0.064857
-66000 -24000 0.067177
-66000 -22000 0.069435
-66000 -20000 0.071607
-66000 -18000 0.073670
-66000 -16000 0.075599
-66000 -14000 0.077370
-66000 -12000 0.078960
-66000 -10000 0.080347
-66000 -8000 0.081512
-66000 -6000 0.082436
-66000 -4000 0.083107
-66000 -2000 0.083514
-66000 0 0.083650
-66000 2000 0.083514
-66000 4000 0.083107
-66000 6000 0.082436
-66000 8000 0.081512
-66000 10000 0.080347
-66000 12000 0.078960
-66000 14000 0.077370
-66000 16000 0.075599
-66000 18000 0.073670
-66000 20000 0.071607
-66000 22000 0.069435
-66000 24000 0.067177
-66000 26000 0.064857
-66000 28000 0.062497
-66000 30000 0.060116
-66000 32000 0.057734
-66000 34000 0.055367
-66000 36000 0.053029
-66000 38000 0.050734
-66000 40000 0.048492
-66000 42000 0.046312
-66000 44000 0.044201
-66000 46000 0.042164
-66000 48000 0.040206
-66000 50000 0.038328
-66000 52000 0.036532
-66000 54000 0.034819
-66000 56000 0.033188
-66000 58000 0.031637
-66000 60000 0.030166
